2.299999999999999961e-02
8.999999999999999320e-03
8.999999999999999320e-03
1.299999999999999940e-02
1.000000000000000021e-02
5.000000000000000104e-03
6.000000000000000125e-03
2.000000000000000042e-02
2.900000000000000147e-02
2.999999999999999889e-02
2.000000000000000042e-02
1.299999999999999940e-02
2.000000000000000042e-02
8.000000000000000167e-02
7.000000000000000666e-02
5.000000000000000278e-02
4.000000000000000083e-02
5.000000000000000278e-02
7.000000000000000666e-02
4.000000000000000083e-02
5.999999999999999778e-02
5.000000000000000278e-02
5.000000000000000278e-02
4.000000000000000083e-02
5.000000000000000278e-02
4.000000000000000083e-02
5.000000000000000278e-02
5.999999999999999778e-02
5.999999999999999778e-02
5.259999999999999620e-09
8.249999999999999428e-09
1.419999999999999977e-08
2.089999999999999855e-08
2.909999999999999919e-08
2.619999999999999969e-08
4.540000000000000287e-08
2.440000000000000011e-08
4.029999999999999691e-08
3.510000000000000328e-08
7.472999999999999358e-12
1.706000000000000041e-11
3.915000000000000181e-11
8.387000000000000351e-11
1.954999999999999970e-10
1.998000000000000024e-07
7.991000000000000550e-08
6.993000000000000481e-08
6.993000000000000481e-08
5.994000000000000601e-08
1.998000000000000090e-08
3.996000000000000180e-08
5.994000000000000601e-08
4.995999999999999870e-08
8.992000000000000050e-08
6.994000000000000291e-08
3.996999999999999991e-08
7.993000000000000171e-08
9.991999999999999741e-08
9.991999999999999741e-08
1.199000000000000082e-07
8.992999999999999861e-08
3.996999999999999991e-08
1.199000000000000082e-07
1.399000000000000020e-07
1.098999999999999981e-07
1.130000000000000060e-07
1.270000000000000123e-07
9.999999999999999547e-08
