3.499399999999999733e-02
2.520599999999999924e-02
1.516900000000000019e-02
1.265200000000000005e-02
1.176699999999999968e-02
1.187000000000000034e-02
1.033899999999999923e-02
3.480899999999999966e-02
1.399199999999999923e-02
1.141400000000000053e-02
1.126899999999999950e-02
9.753700000000000564e-03
3.423400000000000054e-02
1.308999999999999921e-02
1.150900000000000013e-02
1.072099999999999963e-02
9.268600000000000103e-03
3.198199999999999654e-02
2.369800000000000031e-02
1.583100000000000132e-02
8.199599999999999597e-03
8.396400000000000044e-03
6.533500000000000245e-03
7.670899999999999594e-03
6.943099999999999793e-03
7.249099999999999641e-03
5.899900000000000283e-02
3.292199999999999988e-02
2.058799999999999866e-02
8.495199999999999627e-03
6.904000000000000414e-03
7.667700000000000383e-03
7.428699999999999887e-03
5.259200000000000333e-03
4.184000000000000219e-03
5.926700000000000024e-02
3.361800000000000205e-02
1.936200000000000074e-02
2.030300000000000160e-02
8.589499999999999913e-03
7.594499999999999688e-03
6.617200000000000165e-03
6.624699999999999860e-03
6.313000000000000035e-03
6.115100000000000049e-03
3.913899999999999671e-03
8.313199999999999756e-02
6.418999999999999706e-02
1.875100000000000031e-02
1.176600000000000042e-02
8.944199999999999373e-03
7.664899999999999665e-03
4.334900000000000038e-03
4.193900000000000405e-03
3.182799999999999952e-03
3.336299999999999943e-03
2.839400000000000170e-03
2.593400000000000045e-03
2.378499999999999972e-03
2.400400000000000016e-03
1.950600000000000033e-03
8.762899999999999856e-02
5.577000000000000013e-02
2.817700000000000066e-02
1.626999999999999974e-02
1.055599999999999941e-02
9.124099999999999572e-03
4.114300000000000422e-03
3.491399999999999972e-03
3.224199999999999983e-03
2.748599999999999915e-03
2.385799999999999987e-03
2.174199999999999831e-03
2.966100000000000160e-03
2.049299999999999993e-03
8.924100000000000088e-02
5.791000000000000314e-02
2.824000000000000121e-02
1.644199999999999828e-02
1.066499999999999913e-02
1.154400000000000044e-02
7.575000000000000136e-03
4.536100000000000375e-03
3.622799999999999805e-03
3.241599999999999863e-03
3.092500000000000197e-03
2.991499999999999802e-03
2.482199999999999945e-03
2.257299999999999845e-03
2.983799999999999994e-03
2.720800000000000215e-03
3.804699999999999749e-02
3.026300000000000170e-02
9.689200000000000243e-03
5.907199999999999604e-03
5.752700000000000348e-03
4.433799999999999894e-03
2.631399999999999885e-03
2.744100000000000185e-03
2.341000000000000199e-03
2.539299999999999977e-03
2.137700000000000190e-03
1.891000000000000103e-03
2.114800000000000013e-03
1.807400000000000022e-03
1.967399999999999791e-03
2.046699999999999822e-03
3.974300000000000055e-02
2.656199999999999881e-02
1.398300000000000064e-02
9.105399999999999605e-03
5.742899999999999568e-03
5.594100000000000288e-03
2.622499999999999831e-03
2.183500000000000111e-03
2.561799999999999928e-03
2.306900000000000183e-03
1.920599999999999955e-03
1.326700000000000101e-03
1.793200000000000002e-03
1.881899999999999936e-03
3.913200000000000012e-02
2.573200000000000140e-02
1.492899999999999956e-02
9.009599999999999553e-03
5.822599999999999824e-03
5.620499999999999628e-03
4.451499999999999728e-03
3.464099999999999905e-03
2.685499999999999953e-03
2.343200000000000144e-03
2.425200000000000185e-03
2.224199999999999962e-03
1.936699999999999967e-03
1.594600000000000054e-03
1.602499999999999975e-03
1.807800000000000032e-03
2.742599999999999899e-02
1.985100000000000059e-02
1.288800000000000015e-02
7.168599999999999799e-03
6.590600000000000278e-03
4.436200000000000386e-03
4.317500000000000157e-03
3.058500000000000021e-03
1.881400000000000086e-03
1.790499999999999991e-03
1.583399999999999998e-03
1.495199999999999915e-03
1.331099999999999992e-03
1.301499999999999923e-03
1.222800000000000015e-03
1.017200000000000005e-03
1.320999999999999909e-03
1.462799999999999994e-03
2.688400000000000165e-02
1.880899999999999933e-02
1.358200000000000032e-02
1.061499999999999944e-02
6.905999999999999812e-03
6.636000000000000405e-03
4.383500000000000243e-03
4.174200000000000306e-03
1.792699999999999936e-03
1.590999999999999966e-03
1.470399999999999962e-03
1.322000000000000041e-03
1.425400000000000061e-03
1.055500000000000015e-03
1.231499999999999956e-03
1.183800000000000043e-03
2.650500000000000078e-02
1.859200000000000089e-02
1.203100000000000003e-02
1.090400000000000050e-02
7.001900000000000138e-03
6.579299999999999732e-03
4.330200000000000195e-03
4.260299999999999851e-03
3.242699999999999836e-03
2.259399999999999950e-03
1.775300000000000055e-03
1.521500000000000066e-03
1.441900000000000083e-03
1.270099999999999918e-03
1.226300000000000046e-03
1.183199999999999920e-03
1.244300000000000050e-03
1.112900000000000000e-03
1.962900000000000061e-02
1.346600000000000054e-02
1.003099999999999999e-02
5.758300000000000050e-03
5.287199999999999712e-03
3.626499999999999949e-03
3.653399999999999790e-03
2.666700000000000147e-03
1.623199999999999990e-03
1.719500000000000108e-03
1.223700000000000091e-03
1.429600000000000055e-03
1.342400000000000104e-03
1.023299999999999991e-03
1.422599999999999993e-03
7.703000000000000212e-04
1.035200000000000009e-03
1.766699999999999954e-03
2.086100000000000107e-02
1.350699999999999991e-02
1.001200000000000007e-02
8.298399999999999180e-03
5.655600000000000210e-03
5.285599999999999674e-03
4.116299999999999820e-03
3.629100000000000121e-03
1.651300000000000077e-03
1.269699999999999909e-03
1.665400000000000040e-03
1.282300000000000106e-03
1.027799999999999938e-03
8.194199999999999574e-04
8.910199999999999631e-04
1.253500000000000057e-03
1.982000000000000081e-02
1.372699999999999962e-02
1.068000000000000026e-02
8.341799999999999909e-03
5.654600000000000078e-03
5.253800000000000310e-03
3.705599999999999866e-03
3.607500000000000030e-03
2.663800000000000022e-03
1.685700000000000046e-03
1.673199999999999904e-03
1.247499999999999911e-03
1.405999999999999915e-03
1.313300000000000101e-03
9.891100000000000760e-04
9.512700000000000452e-04
1.162999999999999971e-03
1.143099999999999975e-03
1.827099999999999905e-02
1.465999999999999942e-02
9.509300000000000044e-03
5.562899999999999963e-03
5.274499999999999675e-03
3.643400000000000197e-03
3.492499999999999945e-03
2.600799999999999900e-03
1.600000000000000077e-03
1.507499999999999942e-03
1.190300000000000039e-03
1.246900000000000005e-03
1.195400000000000108e-03
9.040899999999999718e-04
1.177499999999999944e-03
1.275000000000000092e-03
1.361400000000000023e-03
1.333699999999999946e-03
1.913000000000000117e-02
1.393499999999999947e-02
9.616299999999999501e-03
8.086400000000000532e-03
5.535799999999999575e-03
5.147699999999999845e-03
3.681300000000000197e-03
3.408200000000000118e-03
1.492099999999999893e-03
1.222199999999999892e-03
1.521699999999999962e-03
1.167300000000000022e-03
1.012799999999999898e-03
9.000899999999999830e-04
1.087199999999999972e-03
1.322199999999999938e-03
1.941500000000000170e-02
1.339000000000000086e-02
9.673799999999999760e-03
8.221900000000000736e-03
5.678100000000000161e-03
5.130100000000000285e-03
3.543099999999999982e-03
3.547900000000000099e-03
2.517300000000000093e-03
1.649599999999999981e-03
1.605400000000000100e-03
1.183199999999999920e-03
1.257800000000000107e-03
1.152800000000000049e-03
9.233899999999999530e-04
9.542300000000000304e-04
1.318399999999999954e-03
1.454500000000000064e-03
2.299999999999999961e-02
8.999999999999999320e-03
8.999999999999999320e-03
1.299999999999999940e-02
1.000000000000000021e-02
5.000000000000000104e-03
6.000000000000000125e-03
2.000000000000000042e-02
2.900000000000000147e-02
2.999999999999999889e-02
2.000000000000000042e-02
1.299999999999999940e-02
2.000000000000000042e-02
8.000000000000000167e-02
7.000000000000000666e-02
5.000000000000000278e-02
4.000000000000000083e-02
5.000000000000000278e-02
7.000000000000000666e-02
4.000000000000000083e-02
5.999999999999999778e-02
5.000000000000000278e-02
5.000000000000000278e-02
4.000000000000000083e-02
5.000000000000000278e-02
4.000000000000000083e-02
5.000000000000000278e-02
5.999999999999999778e-02
5.999999999999999778e-02
5.259999999999999620e-09
8.249999999999999428e-09
1.419999999999999977e-08
2.089999999999999855e-08
2.909999999999999919e-08
2.619999999999999969e-08
4.540000000000000287e-08
2.440000000000000011e-08
4.029999999999999691e-08
3.510000000000000328e-08
7.472999999999999358e-12
1.706000000000000041e-11
3.915000000000000181e-11
8.387000000000000351e-11
1.954999999999999970e-10
1.998000000000000024e-07
7.991000000000000550e-08
6.993000000000000481e-08
6.993000000000000481e-08
5.994000000000000601e-08
1.998000000000000090e-08
3.996000000000000180e-08
5.994000000000000601e-08
4.995999999999999870e-08
8.992000000000000050e-08
6.994000000000000291e-08
3.996999999999999991e-08
7.993000000000000171e-08
9.991999999999999741e-08
9.991999999999999741e-08
1.199000000000000082e-07
8.992999999999999861e-08
3.996999999999999991e-08
1.199000000000000082e-07
1.399000000000000020e-07
1.098999999999999981e-07
1.130000000000000060e-07
1.270000000000000123e-07
9.999999999999999547e-08
