3.056949565325014717e+00
-2.017047281763318460e+05
1.661525585861071944e+07
4.160842995133321892e+03
-2.704353517913677933e+03
3.595148649281968645e+00
-4.521179217291052919e+05
5.248262693616989964e+03
1.901227517862015963e+07
4.933247052812948823e+02
9.688536093608942634e-01
1.020134919080391667e+00
1.001466703822472271e+00
9.837092480176831133e-01
1.028877770045528495e+00
9.886599320241620248e-01
1.024025633638150801e+00
1.083566307044825816e+00
9.475952208815412448e-01
1.022763875058894101e+00
1.037341513231408996e+00
1.071417022425224408e+00
1.064651193119441119e+00
