(-5.69279e-07,3.95181e-07)
(2.53547e-06,3.69162e-06)
(1.84473e-06,-1.28057e-06)
(-2.40085e-06,-3.58535e-06)
(-5.52556e-07,-5.92538e-05)
(-0.000141333,-3.27903e-06)
(-9.00109e-07,6.24836e-07)
(4.00894e-06,5.83696e-06)
(1.30442e-06,-9.05502e-07)
(-1.69766e-06,-2.53523e-06)
(3.57023e-06,6.97127e-08)
(5.87428e-07,-2.88292e-05)
(1.01454e-07,5.12955e-08)
(4.08068e-07,-8.06854e-07)
(8.74523e-06,1.70761e-07)
(1.4389e-06,-7.06169e-05)
(-9.81644e-07,7.81005e-07)
(3.04047e-06,3.93609e-06)
(3.14125e-06,-2.49921e-06)
(-3.03457e-06,-4.18061e-06)
(-2.51749e-06,-9.66827e-05)
(-0.000160407,-8.02461e-06)
(-1.55212e-06,1.23488e-06)
(4.80741e-06,6.2235e-06)
(2.2212e-06,-1.76721e-06)
(-2.14576e-06,-2.95614e-06)
(6.90559e-06,-7.24342e-07)
(-3.21672e-06,-3.15648e-05)
(2.38073e-07,7.23123e-08)
(3.02588e-07,-9.94451e-07)
(1.69152e-05,-1.77427e-06)
(-7.87933e-06,-7.73177e-05)
(-1.39638e-06,1.2348e-06)
(3.50407e-06,4.19501e-06)
(4.42324e-06,-3.91141e-06)
(-3.62868e-06,-4.83973e-06)
(-6.57969e-06,-0.000131171)
(-0.000177686,-1.35184e-05)
(-2.20788e-06,1.9524e-06)
(5.54042e-06,6.6329e-06)
(3.1277e-06,-2.76578e-06)
(-2.56587e-06,-3.4222e-06)
(1.0715e-05,-2.1268e-06)
(-6.51109e-06,-3.40055e-05)
(4.23359e-07,7.26e-08)
(2.00702e-07,-1.16129e-06)
(2.62463e-05,-5.20958e-06)
(-1.59488e-05,-8.32961e-05)
(-1.6849e-06,1.59092e-06)
(3.82104e-06,4.38822e-06)
(5.30405e-06,-5.0082e-06)
(-4.03444e-06,-5.34769e-06)
(-1.09267e-05,-0.000153704)
(-0.000189037,-1.73898e-05)
(-2.66406e-06,2.51547e-06)
(6.04159e-06,6.93839e-06)
(3.75053e-06,-3.54134e-06)
(-2.85278e-06,-3.78139e-06)
(1.36333e-05,-3.47425e-06)
(-8.6918e-06,-3.56892e-05)
(5.82887e-07,5.70627e-08)
(1.27783e-07,-1.27588e-06)
(3.33947e-05,-8.51015e-06)
(-2.12905e-05,-8.74203e-05)
(-2.21337e-06,2.34393e-06)
(4.41811e-06,4.77936e-06)
(6.8968e-06,-7.3036e-06)
(-4.78792e-06,-6.41368e-06)
(-2.28667e-05,-0.000192653)
(-0.000209232,-2.39702e-05)
(-3.49965e-06,3.70607e-06)
(6.98565e-06,7.55684e-06)
(4.87677e-06,-5.16443e-06)
(-3.38557e-06,-4.53516e-06)
(1.96217e-05,-6.85124e-06)
(-1.26938e-05,-3.89678e-05)
(9.52906e-07,-1.64028e-08)
(-1.81379e-08,-1.49819e-06)
(4.80631e-05,-1.6782e-05)
(-3.10933e-05,-9.54512e-05)
(-2.59115e-06,2.98474e-06)
(4.8798e-06,5.09773e-06)
(8.02038e-06,-9.23865e-06)
(-5.35753e-06,-7.3174e-06)
(-3.53747e-05,-0.000219203)
(-0.000223875,-2.78746e-05)
(-4.09697e-06,4.71928e-06)
(7.71563e-06,8.06022e-06)
(5.67127e-06,-6.53272e-06)
(-3.78834e-06,-5.17419e-06)
(2.45354e-05,-1.01658e-05)
(-1.5716e-05,-4.16342e-05)
(1.29713e-06,-1.18969e-07)
(-1.39574e-07,-1.67912e-06)
(6.00992e-05,-2.49009e-05)
(-3.84961e-05,-0.000101983)
(-3.73222e-06,6.27613e-06)
(7.01245e-06,6.54459e-06)
(1.13379e-05,-1.9066e-05)
(-7.91557e-06,-1.19205e-05)
(-0.000119799,-0.000301181)
(-0.000283746,-2.87183e-05)
(-5.90115e-06,9.92343e-06)
(1.10877e-05,1.03479e-05)
(8.01713e-06,-1.34817e-05)
(-5.59715e-06,-8.42909e-06)
(4.72635e-05,-3.13914e-05)
(-2.88538e-05,-5.54716e-05)
(3.38773e-06,-1.17072e-06)
(-8.01234e-07,-2.65768e-06)
(0.000115771,-7.6893e-05)
(-7.06772e-05,-0.000135877)
(-8.41341e-07,5.8404e-07)
(3.07265e-06,4.48415e-06)
(4.25938e-07,4.56757e-05)
(8.8732e-05,2.71614e-06)
(4.20671e-07,-2.9202e-07)
(-1.53633e-06,-2.24208e-06)
(-1.26378e-06,8.77285e-07)
(1.17858e-06,1.78467e-06)
(9.75977e-06,1.90571e-07)
(1.15046e-06,-5.54883e-05)
(2.23357e-07,1.1293e-07)
(5.10614e-07,-1.00939e-06)
(-1.46101e-06,1.16239e-06)
(3.76471e-06,4.90231e-06)
(1.94112e-06,7.45474e-05)
(0.000103145,6.72215e-06)
(7.30506e-07,-5.81197e-07)
(-1.88235e-06,-2.45115e-06)
(-2.15378e-06,1.71357e-06)
(1.53555e-06,2.1813e-06)
(1.8782e-05,-1.97008e-06)
(-6.26795e-06,-6.21982e-05)
(5.21474e-07,1.58392e-07)
(3.93223e-07,-1.29075e-06)
(-2.09055e-06,1.84865e-06)
(4.41366e-06,5.33916e-06)
(5.07557e-06,0.000101185)
(0.000116252,1.14722e-05)
(1.04528e-06,-9.24324e-07)
(-2.20683e-06,-2.66958e-06)
(-3.03605e-06,2.68474e-06)
(1.87463e-06,2.62526e-06)
(2.90218e-05,-5.76049e-06)
(-1.2925e-05,-6.83729e-05)
(9.23436e-07,1.58356e-07)
(2.70067e-07,-1.55507e-06)
(-2.53195e-06,2.39072e-06)
(4.86313e-06,5.66354e-06)
(8.43221e-06,0.000118615)
(0.000124894,1.49118e-05)
(1.26597e-06,-1.19536e-06)
(-2.43157e-06,-2.83177e-06)
(-3.64387e-06,3.44062e-06)
(2.1072e-06,2.97016e-06)
(3.68302e-05,-9.38563e-06)
(-1.74377e-05,-7.27e-05)
(1.26805e-06,1.24138e-07)
(1.76899e-07,-1.74301e-06)
(-3.3477e-06,3.54516e-06)
(5.7198e-06,6.3198e-06)
(1.76626e-05,0.000148808)
(0.000140354,2.10383e-05)
(1.67385e-06,-1.77258e-06)
(-2.8599e-06,-3.1599e-06)
(-4.74728e-06,5.0273e-06)
(2.53937e-06,3.70056e-06)
(5.27738e-05,-1.84269e-05)
(-2.59052e-05,-8.12202e-05)
(2.06371e-06,-3.55235e-08)
(-1.99167e-08,-2.11966e-06)
(-3.93694e-06,4.53495e-06)
(6.38951e-06,6.85578e-06)
(2.73464e-05,0.000169455)
(0.000151656,2.50036e-05)
(1.96847e-06,-2.26747e-06)
(-3.19476e-06,-3.42789e-06)
(-5.53003e-06,6.37003e-06)
(2.86556e-06,4.32613e-06)
(6.57897e-05,-2.72587e-05)
(-3.2431e-05,-8.82031e-05)
(2.80049e-06,-2.56853e-07)
(-1.92226e-07,-2.43552e-06)
(-5.76629e-06,9.69664e-06)
(9.54407e-06,9.34418e-06)
(9.30212e-05,0.000233861)
(0.000199056,3.07585e-05)
(2.88314e-06,-4.84832e-06)
(-4.77203e-06,-4.67209e-06)
(-7.88806e-06,1.32646e-05)
(4.33526e-06,7.59657e-06)
(0.000125405,-8.32916e-05)
(-6.16139e-05,-0.000124683)
(7.23462e-06,-2.50011e-06)
(-1.21192e-06,-4.23119e-06)
(-1.02943e-07,5.16634e-08)
(1.69645e-06,3.38172e-06)
(3.41654e-07,-1.71464e-07)
(-1.44222e-06,-2.87848e-06)
(-3.97677e-09,-1.16987e-05)
(-0.000113664,-1.41501e-07)
(-1.62767e-07,8.16871e-08)
(2.68232e-06,5.34696e-06)
(2.41586e-07,-1.21243e-07)
(-1.0198e-06,-2.03539e-06)
(4.85353e-07,1.60016e-07)
(7.73073e-06,-2.3447e-05)
(7.77502e-09,9.8947e-09)
(5.63808e-07,-4.43026e-07)
(1.18887e-06,3.91956e-07)
(1.89363e-05,-5.74331e-05)
(-1.96751e-08,7.80621e-09)
(1.30043e-06,3.27772e-06)
(6.60597e-08,-2.62096e-08)
(-1.05241e-06,-2.65273e-06)
(-3.00695e-11,-2.31412e-06)
(-0.000104196,-5.70796e-09)
(-3.1109e-08,1.23427e-08)
(2.05616e-06,5.18253e-06)
(4.67113e-08,-1.8533e-08)
(-7.44164e-07,-1.87576e-06)
(7.47257e-08,4.30155e-08)
(1.15257e-05,-2.00221e-05)
(6.22455e-10,1.70666e-09)
(6.08865e-07,-2.22066e-07)
(1.8304e-07,1.05366e-07)
(2.8232e-05,-4.9044e-05)
(-1.50183e-07,7.53717e-08)
(1.97292e-06,3.93326e-06)
(3.0662e-09,9.02002e-06)
(6.79667e-05,1.15788e-07)
(7.50916e-08,-3.76859e-08)
(-9.86458e-07,-1.96663e-06)
(-2.33968e-07,1.17421e-07)
(6.61541e-07,1.32142e-06)
(1.33956e-06,4.41639e-07)
(1.42698e-05,-4.32783e-05)
(1.72813e-08,2.19926e-08)
(6.59657e-07,-5.1834e-07)
(-2.85272e-08,1.13183e-08)
(1.48288e-06,3.7376e-06)
(2.31939e-11,1.78498e-06)
(6.09344e-05,4.65535e-09)
(1.42636e-08,-5.65917e-09)
(-7.4144e-07,-1.8688e-06)
(-4.52513e-08,1.79537e-08)
(4.66455e-07,1.17581e-06)
(2.07206e-07,1.19277e-07)
(2.08626e-05,-3.62419e-05)
(1.38992e-09,3.8109e-09)
(6.90156e-07,-2.51715e-07)
(-3.50427e-06,5.24812e-06)
(6.36405e-06,6.1267e-06)
(1.06864e-05,-1.60044e-05)
(-7.13614e-06,-1.04898e-05)
(-9.08343e-05,-0.00028295)
(-0.000266672,-3.13723e-05)
(-5.54075e-06,8.29801e-06)
(1.00624e-05,9.68716e-06)
(7.55644e-06,-1.13168e-05)
(-5.04601e-06,-7.41743e-06)
(4.06131e-05,-2.41511e-05)
(-2.50219e-05,-5.10406e-05)
(2.6836e-06,-7.50847e-07)
(-5.83599e-07,-2.33329e-06)
(9.94814e-05,-5.9158e-05)
(-6.12908e-05,-0.000125023)
(-3.87158e-06,7.60794e-06)
(7.85853e-06,7.03887e-06)
(1.17255e-05,-2.30415e-05)
(-8.9654e-06,-1.37687e-05)
(-0.00015951,-0.000317423)
(-0.000304701,-2.20856e-05)
(-6.1215e-06,1.20292e-05)
(1.24254e-05,1.11294e-05)
(8.29118e-06,-1.62928e-05)
(-6.33949e-06,-9.73592e-06)
(5.52657e-05,-4.14278e-05)
(-3.36115e-05,-6.14203e-05)
(4.36144e-06,-1.83731e-06)
(-1.10267e-06,-3.11698e-06)
(0.000135373,-0.000101477)
(-8.23311e-05,-0.000150448)
(-3.54428e-06,1.07161e-05)
(9.95266e-06,7.97624e-06)
(1.07294e-05,-3.24402e-05)
(-1.18433e-05,-1.80981e-05)
(-0.000258374,-0.000328682)
(-0.000350322,5.76066e-06)
(-5.604e-06,1.69436e-05)
(1.57365e-05,1.26115e-05)
(7.58682e-06,-2.29387e-05)
(-8.37451e-06,-1.27973e-05)
(7.11272e-05,-6.7406e-05)
(-4.42825e-05,-7.62948e-05)
(6.89402e-06,-3.96135e-06)
(-1.90742e-06,-4.42319e-06)
(0.000174225,-0.00016511)
(-0.00010847,-0.000186883)
(-5.39023e-06,8.0726e-06)
(8.57565e-06,8.61376e-06)
(7.04324e-05,0.000219397)
(0.000185316,3.12153e-05)
(2.69511e-06,-4.0363e-06)
(-4.28783e-06,-4.30688e-06)
(-7.41367e-06,1.1103e-05)
(3.88412e-06,6.56513e-06)
(0.000108049,-6.42526e-05)
(-5.30053e-05,-0.000112981)
(5.74699e-06,-1.60796e-06)
(-8.65668e-07,-3.6239e-06)
(-6.0119e-06,1.18138e-05)
(1.08186e-05,1.02257e-05)
(0.000124082,0.000246922)
(0.000216189,2.7651e-05)
(3.00595e-06,-5.90692e-06)
(-5.40931e-06,-5.11285e-06)
(-8.18812e-06,1.60903e-05)
(4.95275e-06,8.94931e-06)
(0.000146206,-0.000109598)
(-7.23678e-05,-0.000140407)
(9.28518e-06,-3.9115e-06)
(-1.70232e-06,-5.10428e-06)
(-5.55793e-06,1.68043e-05)
(1.40212e-05,1.19833e-05)
(0.000201847,0.000256773)
(0.000254587,1.05071e-05)
(2.77896e-06,-8.40217e-06)
(-7.0106e-06,-5.99166e-06)
(-7.55921e-06,2.28552e-05)
(6.71428e-06,1.22117e-05)
(0.000187167,-0.000177375)
(-9.66606e-05,-0.000179802)
(1.45942e-05,-8.3859e-06)
(-3.04785e-06,-7.64061e-06)
(-4.78745e-07,3.197e-07)
(2.41062e-06,3.63775e-06)
(1.55656e-06,-1.03945e-06)
(-2.2489e-06,-3.4584e-06)
(-3.38687e-07,-5.05215e-05)
(-0.000136745,-2.42801e-06)
(-7.56962e-07,5.0549e-07)
(3.81152e-06,5.75179e-06)
(1.10065e-06,-7.35005e-07)
(-1.59021e-06,-2.44546e-06)
(2.9044e-06,1.61108e-07)
(1.576e-06,-2.81188e-05)
(7.78147e-08,4.44563e-08)
(4.33248e-07,-7.5821e-07)
(7.1143e-06,3.94634e-07)
(3.86039e-06,-6.88768e-05)
(-8.03408e-07,6.0611e-07)
(2.83113e-06,3.82969e-06)
(2.58383e-06,-1.94931e-06)
(-2.76899e-06,-3.91795e-06)
(-1.44774e-06,-8.09408e-05)
(-0.000152462,-5.83446e-06)
(-1.2703e-06,9.58345e-07)
(4.4764e-06,6.05527e-06)
(1.82705e-06,-1.37837e-06)
(-1.95797e-06,-2.77041e-06)
(5.40633e-06,-3.07133e-07)
(-1.67305e-06,-3.04498e-05)
(1.7328e-07,6.54391e-08)
(3.46982e-07,-9.17996e-07)
(1.32427e-05,-7.5232e-07)
(-4.09811e-06,-7.45864e-05)
(-1.19732e-06,1.00874e-06)
(3.28408e-06,4.06835e-06)
(3.81038e-06,-3.21026e-06)
(-3.34631e-06,-4.51399e-06)
(-4.33404e-06,-0.00011496)
(-0.000169569,-1.08416e-05)
(-1.89312e-06,1.59496e-06)
(5.19258e-06,6.43262e-06)
(2.69435e-06,-2.26999e-06)
(-2.3662e-06,-3.19187e-06)
(8.8309e-06,-1.37754e-06)
(-4.9661e-06,-3.28479e-05)
(3.28256e-07,7.54429e-08)
(2.49702e-07,-1.08227e-06)
(2.16312e-05,-3.37426e-06)
(-1.21644e-05,-8.04606e-05)
(-1.737e-06,1.65905e-06)
(3.87854e-06,4.42449e-06)
(5.46222e-06,-5.21709e-06)
(-4.10773e-06,-5.44445e-06)
(-1.1862e-05,-0.000157666)
(-0.000191049,-1.80764e-05)
(-2.74644e-06,2.62318e-06)
(6.13251e-06,6.99573e-06)
(3.86238e-06,-3.68904e-06)
(-2.9046e-06,-3.84981e-06)
(1.41851e-05,-3.75238e-06)
(-9.08266e-06,-3.5998e-05)
(6.14631e-07,5.26278e-08)
(1.14236e-07,-1.29685e-06)
(3.47462e-05,-9.19142e-06)
(-2.22479e-05,-8.81768e-05)
(-2.08293e-06,2.14438e-06)
(4.26699e-06,4.67764e-06)
(6.50599e-06,-6.69796e-06)
(-4.59893e-06,-6.13176e-06)
(-1.93807e-05,-0.000183271)
(-0.000204263,-2.24421e-05)
(-3.2934e-06,3.39057e-06)
(6.74671e-06,7.396e-06)
(4.60043e-06,-4.73617e-06)
(-3.25193e-06,-4.33581e-06)
(1.80579e-05,-5.89598e-06)
(-1.16917e-05,-3.81214e-05)
(8.50954e-07,8.17753e-09)
(1.9934e-08,-1.44085e-06)
(4.42326e-05,-1.44422e-05)
(-2.86388e-05,-9.3378e-05)
(-2.08342e-06,2.14512e-06)
(4.26756e-06,4.67802e-06)
(6.50746e-06,-6.70018e-06)
(-4.59963e-06,-6.13279e-06)
(-1.93931e-05,-0.000183306)
(-0.000204282,-2.2448e-05)
(-3.29417e-06,3.39173e-06)
(6.7476e-06,7.3966e-06)
(4.60147e-06,-4.73774e-06)
(-3.25243e-06,-4.33654e-06)
(1.80636e-05,-5.89941e-06)
(-1.16955e-05,-3.81245e-05)
(8.51323e-07,8.09404e-09)
(1.9794e-08,-1.44106e-06)
(4.42467e-05,-1.44505e-05)
(-2.86479e-05,-9.33857e-05)
(-2.65947e-06,3.11249e-06)
(4.96846e-06,5.15975e-06)
(8.22233e-06,-9.62292e-06)
(-5.46563e-06,-7.4973e-06)
(-3.80804e-05,-0.000223932)
(-0.000226602,-2.84792e-05)
(-4.205e-06,4.92128e-06)
(7.85583e-06,8.15829e-06)
(5.81406e-06,-6.80443e-06)
(-3.86479e-06,-5.30139e-06)
(2.54956e-05,-1.0867e-05)
(-1.62899e-05,-4.21608e-05)
(1.36861e-06,-1.43605e-07)
(-1.63804e-07,-1.71496e-06)
(6.24513e-05,-2.66187e-05)
(-3.9902e-05,-0.000103273)
(-2.80759e-06,3.40474e-06)
(5.16805e-06,5.29985e-06)
(8.65878e-06,-1.05004e-05)
(-5.70763e-06,-7.9085e-06)
(-4.45026e-05,-0.000234139)
(-0.000232652,-2.96582e-05)
(-4.43919e-06,5.38337e-06)
(8.17141e-06,8.3798e-06)
(6.12268e-06,-7.42492e-06)
(-4.03591e-06,-5.59215e-06)
(2.76683e-05,-1.25169e-05)
(-1.75741e-05,-4.33637e-05)
(1.53546e-06,-2.05064e-07)
(-2.1943e-07,-1.79704e-06)
(6.77732e-05,-3.066e-05)
(-4.30475e-05,-0.000106219)
(-2.96624e-06,3.74498e-06)
(5.39565e-06,5.45986e-06)
(9.12426e-06,-1.15197e-05)
(-5.98161e-06,-8.38658e-06)
(-5.23525e-05,-0.000245043)
(-0.000239407,-3.06896e-05)
(-4.69003e-06,5.92134e-06)
(8.53127e-06,8.6328e-06)
(6.45183e-06,-8.14567e-06)
(-4.22964e-06,-5.93021e-06)
(3.0156e-05,-1.45125e-05)
(-1.90251e-05,-4.47644e-05)
(1.73531e-06,-2.85434e-07)
(-2.84699e-07,-1.89311e-06)
(7.38669e-05,-3.55482e-05)
(-4.66018e-05,-0.00010965)
(-3.11895e-06,4.10572e-06)
(5.63254e-06,5.62586e-06)
(9.57033e-06,-1.25982e-05)
(-6.26506e-06,-8.89267e-06)
(-6.1066e-05,-0.000255568)
(-0.000246289,-3.14058e-05)
(-4.93149e-06,6.49171e-06)
(8.90583e-06,8.89527e-06)
(6.76724e-06,-8.90827e-06)
(-4.43006e-06,-6.28807e-06)
(3.27448e-05,-1.67094e-05)
(-2.05196e-05,-4.62543e-05)
(1.95345e-06,-3.80842e-07)
(-3.54695e-07,-1.996e-06)
(8.02081e-05,-4.09294e-05)
(-5.02626e-05,-0.000113299)
(-3.24103e-06,4.42417e-06)
(5.83876e-06,5.76929e-06)
(9.9255e-06,-1.35488e-05)
(-6.51085e-06,-9.33874e-06)
(-6.90563e-05,-0.000264058)
(-0.000252163,-3.17347e-05)
(-5.12453e-06,6.99523e-06)
(9.2319e-06,9.12205e-06)
(7.01839e-06,-9.58045e-06)
(-4.60386e-06,-6.60349e-06)
(3.49886e-05,-1.87131e-05)
(-2.18067e-05,-4.75765e-05)
(2.15113e-06,-4.73677e-07)
(-4.17311e-07,-2.08805e-06)
(8.57041e-05,-4.58375e-05)
(-5.34152e-05,-0.000116538)
(-3.46554e-06,5.11087e-06)
(6.27712e-06,6.06854e-06)
(1.05749e-05,-1.55956e-05)
(-7.03253e-06,-1.02984e-05)
(-8.71072e-05,-0.000280087)
(-0.000264315,-3.15477e-05)
(-5.4795e-06,8.08099e-06)
(9.92501e-06,9.5952e-06)
(7.4776e-06,-1.10277e-05)
(-4.97275e-06,-7.28205e-06)
(3.96943e-05,-2.32214e-05)
(-2.44964e-05,-5.04586e-05)
(2.59287e-06,-7.00998e-07)
(-5.55431e-07,-2.29163e-06)
(9.72308e-05,-5.68805e-05)
(-6.00037e-05,-0.000123598)
(-3.55984e-06,5.45874e-06)
(6.49715e-06,6.21486e-06)
(1.0846e-05,-1.66315e-05)
(-7.29507e-06,-1.07834e-05)
(-9.66229e-05,-0.000287136)
(-0.000270251,-3.10181e-05)
(-5.6286e-06,8.63102e-06)
(1.02729e-05,9.82656e-06)
(7.66931e-06,-1.17603e-05)
(-5.15839e-06,-7.62501e-06)
(4.20089e-05,-2.55954e-05)
(-2.58212e-05,-5.19378e-05)
(2.82436e-06,-8.30187e-07)
(-6.27212e-07,-2.39792e-06)
(0.0001029,-6.26958e-05)
(-6.32489e-05,-0.000127221)
(-3.60789e-06,5.65686e-06)
(6.62214e-06,6.2966e-06)
(1.09837e-05,-1.72215e-05)
(-7.44471e-06,-1.10593e-05)
(-0.000102141,-0.000290853)
(-0.000273576,-3.05933e-05)
(-5.70457e-06,8.94427e-06)
(1.04705e-05,9.9558e-06)
(7.76665e-06,-1.21774e-05)
(-5.26421e-06,-7.82011e-06)
(4.33063e-05,-2.6973e-05)
(-2.6566e-05,-5.27866e-05)
(2.95844e-06,-9.07963e-07)
(-6.68682e-07,-2.45953e-06)
(0.000106078,-6.607e-05)
(-6.50732e-05,-0.0001293)
(-3.77365e-06,6.54083e-06)
(7.17952e-06,6.64709e-06)
(1.1455e-05,-1.98549e-05)
(-8.11927e-06,-1.22882e-05)
(-0.000127518,-0.000305031)
(-0.000288001,-2.76744e-05)
(-5.96667e-06,1.0342e-05)
(1.13518e-05,1.051e-05)
(8.09993e-06,-1.40395e-05)
(-5.74119e-06,-8.68906e-06)
(4.89095e-05,-3.33299e-05)
(-2.98153e-05,-5.66346e-05)
(3.57584e-06,-1.29213e-06)
(-8.59311e-07,-2.74516e-06)
(0.000119803,-8.16413e-05)
(-7.30324e-05,-0.000138726)
(-3.8599e-06,7.38105e-06)
(7.71315e-06,6.95847e-06)
(1.16946e-05,-2.23629e-05)
(-8.78143e-06,-1.3454e-05)
(-0.000152601,-0.000315189)
(-0.000301205,-2.34533e-05)
(-6.10305e-06,1.16705e-05)
(1.21956e-05,1.10023e-05)
(8.26935e-06,-1.5813e-05)
(-6.20941e-06,-9.51342e-06)
(5.3952e-05,-3.96692e-05)
(-3.28137e-05,-6.03895e-05)
(4.1908e-06,-1.71386e-06)
(-1.04964e-06,-3.03519e-06)
(0.000132155,-9.71694e-05)
(-8.03769e-05,-0.000147923)
(-7.0624e-07,4.71619e-07)
(2.90454e-06,4.39066e-06)
(2.61071e-07,3.89436e-05)
(8.52746e-05,2.00656e-06)
(3.5312e-07,-2.35809e-07)
(-1.45227e-06,-2.19533e-06)
(-1.06621e-06,7.12e-07)
(1.09425e-06,1.70076e-06)
(7.95031e-06,4.41007e-07)
(3.02845e-06,-5.37945e-05)
(1.71544e-07,9.80049e-08)
(5.36912e-07,-9.39501e-07)
(-1.19235e-06,8.9954e-07)
(3.47567e-06,4.72131e-06)
(1.11612e-06,6.24008e-05)
(9.71346e-05,4.86301e-06)
(5.96176e-07,-4.4977e-07)
(-1.73783e-06,-2.36066e-06)
(-1.77088e-06,1.336e-06)
(1.38526e-06,2.00589e-06)
(1.47342e-05,-8.37049e-07)
(-3.22145e-06,-5.94307e-05)
(3.80327e-07,1.4363e-07)
(4.43985e-07,-1.1739e-06)
(-1.78764e-06,1.50609e-06)
(4.10432e-06,5.12592e-06)
(3.34249e-06,8.86588e-05)
(0.000110089,9.14108e-06)
(8.9382e-07,-7.53045e-07)
(-2.05216e-06,-2.56296e-06)
(-2.61396e-06,2.20227e-06)
(1.71315e-06,2.4053e-06)
(2.39647e-05,-3.73826e-06)
(-9.7776e-06,-6.54271e-05)
(7.17386e-07,1.64876e-07)
(3.30392e-07,-1.42838e-06)
(-2.61195e-06,2.49473e-06)
(4.94511e-06,5.72437e-06)
(9.1547e-06,0.000121682)
(0.000126429,1.5532e-05)
(1.30597e-06,-1.24736e-06)
(-2.47255e-06,-2.86219e-06)
(-3.75318e-06,3.58474e-06)
(2.14925e-06,3.0361e-06)
(3.83034e-05,-1.01324e-05)
(-1.82546e-05,-7.3498e-05)
(1.3365e-06,1.14438e-07)
(1.59178e-07,-1.77791e-06)
(-3.14545e-06,3.23826e-06)
(5.50189e-06,6.14901e-06)
(1.49662e-05,0.000141526)
(0.000136538,1.9572e-05)
(1.57272e-06,-1.61913e-06)
(-2.75095e-06,-3.0745e-06)
(-4.47595e-06,4.60802e-06)
(2.43102e-06,3.50657e-06)
(4.86195e-05,-1.58745e-05)
(-2.37647e-05,-7.9012e-05)
(1.84492e-06,1.77293e-08)
(3.26215e-08,-2.02117e-06)
(-3.14621e-06,3.23938e-06)
(5.5027e-06,6.14964e-06)
(1.49758e-05,0.000141553)
(0.000136552,1.95776e-05)
(1.5731e-06,-1.61969e-06)
(-2.75135e-06,-3.07482e-06)
(-4.47697e-06,4.60955e-06)
(2.43142e-06,3.50728e-06)
(4.86348e-05,-1.58837e-05)
(-2.37727e-05,-7.90201e-05)
(1.84571e-06,1.75483e-08)
(3.24298e-08,-2.02153e-06)
(-4.04411e-06,4.73299e-06)
(6.51876e-06,6.96051e-06)
(2.94429e-05,0.00017314)
(0.000153771,2.56641e-05)
(2.02206e-06,-2.36649e-06)
(-3.25938e-06,-3.48025e-06)
(-5.6712e-06,6.63724e-06)
(2.92741e-06,4.45133e-06)
(6.83271e-05,-2.91232e-05)
(-3.36809e-05,-8.95857e-05)
(2.95315e-06,-3.09867e-07)
(-2.27374e-07,-2.49892e-06)
(-4.27713e-06,5.18684e-06)
(6.81038e-06,7.19756e-06)
(3.44217e-05,0.000181101)
(0.000158477,2.70214e-05)
(2.13857e-06,-2.59342e-06)
(-3.40519e-06,-3.59878e-06)
(-5.97692e-06,7.24816e-06)
(3.0658e-06,4.73829e-06)
(7.40613e-05,-3.35047e-05)
(-3.64885e-05,-9.27468e-05)
(3.30912e-06,-4.41939e-07)
(-3.08917e-07,-2.645e-06)
(-4.52786e-06,5.71659e-06)
(7.14403e-06,7.46918e-06)
(4.05116e-05,0.00018962)
(0.000163753,2.83431e-05)
(2.26393e-06,-2.8583e-06)
(-3.57202e-06,-3.73459e-06)
(-6.304e-06,7.95904e-06)
(3.22244e-06,5.07334e-06)
(8.06159e-05,-3.87961e-05)
(-3.96775e-05,-9.64323e-05)
(3.73483e-06,-6.14325e-07)
(-4.05983e-07,-2.81743e-06)
(-4.77048e-06,6.27977e-06)
(7.4925e-06,7.75209e-06)
(4.72772e-05,0.00019786)
(0.000169154,2.9457e-05)
(2.38524e-06,-3.13988e-06)
(-3.74625e-06,-3.87604e-06)
(-6.61866e-06,8.71268e-06)
(3.38453e-06,5.42965e-06)
(8.74245e-05,-4.46119e-05)
(-4.29784e-05,-0.000100357)
(4.19876e-06,-8.18585e-07)
(-5.1157e-07,-3.00371e-06)
(-4.9655e-06,6.77815e-06)
(7.79681e-06,7.99754e-06)
(5.34861e-05,0.000204521)
(0.000173785,3.02079e-05)
(2.48275e-06,-3.38908e-06)
(-3.89841e-06,-3.99877e-06)
(-6.87025e-06,9.37822e-06)
(3.5252e-06,5.74509e-06)
(9.33162e-05,-4.99087e-05)
(-4.58331e-05,-0.000103842)
(4.61859e-06,-1.01701e-06)
(-6.07188e-07,-3.17162e-06)
(-5.32727e-06,7.85649e-06)
(8.44641e-06,8.513e-06)
(6.75298e-05,0.000217138)
(0.000183433,3.11366e-05)
(2.66364e-06,-3.92825e-06)
(-4.2232e-06,-4.2565e-06)
(-7.33355e-06,1.08153e-05)
(3.82451e-06,6.42813e-06)
(0.000105645,-6.18031e-05)
(-5.18296e-05,-0.000111445)
(5.55495e-06,-1.50181e-06)
(-8.21467e-07,-3.54661e-06)
(-5.48091e-06,8.40454e-06)
(8.77383e-06,8.7669e-06)
(7.49422e-05,0.000222707)
(0.00018818,3.12698e-05)
(2.74045e-06,-4.20227e-06)
(-4.38692e-06,-4.38345e-06)
(-7.52877e-06,1.15448e-05)
(3.97571e-06,6.77566e-06)
(0.000111697,-6.80554e-05)
(-5.47963e-05,-0.00011535)
(6.04475e-06,-1.77678e-06)
(-9.34407e-07,-3.74415e-06)
(-5.561e-06,8.71917e-06)
(8.95399e-06,8.90607e-06)
(7.92432e-05,0.000225651)
(0.000190849,3.12498e-05)
(2.7805e-06,-4.35958e-06)
(-4.47699e-06,-4.45303e-06)
(-7.6285e-06,1.19608e-05)
(4.06212e-06,6.97406e-06)
(0.000115085,-7.168e-05)
(-5.64674e-05,-0.000117591)
(6.3282e-06,-1.94216e-06)
(-1.00009e-06,-3.85915e-06)
(-5.83648e-06,1.01163e-05)
(9.7948e-06,9.52526e-06)
(9.90509e-05,0.000236936)
(0.000202511,3.03579e-05)
(2.91824e-06,-5.05816e-06)
(-4.8974e-06,-4.76263e-06)
(-7.9754e-06,1.38237e-05)
(4.45411e-06,7.86383e-06)
(0.000129691,-8.83795e-05)
(-6.37821e-05,-0.000127756)
(7.63132e-06,-2.75757e-06)
(-1.30555e-06,-4.39642e-06)
(-5.98889e-06,1.14522e-05)
(1.05988e-05,1.00808e-05)
(0.000118671,0.000245108)
(0.00021331,2.83689e-05)
(2.99444e-06,-5.72609e-06)
(-5.29939e-06,-5.04039e-06)
(-8.16136e-06,1.56065e-05)
(4.84361e-06,8.71735e-06)
(0.000142797,-0.000104994)
(-7.05605e-05,-0.000137682)
(8.92629e-06,-3.65048e-06)
(-1.61532e-06,-4.94785e-06)
(-9.54027e-07,7.53115e-07)
(3.00863e-06,3.91946e-06)
(3.05515e-06,-2.41176e-06)
(-2.99399e-06,-4.13922e-06)
(-2.32749e-06,-9.42833e-05)
(-0.000159201,-7.67511e-06)
(-1.50845e-06,1.19078e-06)
(4.75706e-06,6.19721e-06)
(2.16032e-06,-1.70537e-06)
(-2.11707e-06,-2.92687e-06)
(6.66778e-06,-6.52434e-07)
(-2.98453e-06,-3.13963e-05)
(2.27462e-07,7.14878e-08)
(3.09402e-07,-9.829e-07)
(1.63327e-05,-1.59813e-06)
(-7.31058e-06,-7.69048e-05)
(-1.34105e-06,1.17041e-06)
(3.44318e-06,4.15931e-06)
(4.25332e-06,-3.71211e-06)
(-3.55053e-06,-4.7473e-06)
(-5.89717e-06,-0.000126723)
(-0.000175458,-1.27713e-05)
(-2.12039e-06,1.85058e-06)
(5.44415e-06,6.57644e-06)
(3.00755e-06,-2.62486e-06)
(-2.5106e-06,-3.35685e-06)
(1.01809e-05,-1.90417e-06)
(-6.08637e-06,-3.36846e-05)
(3.95746e-07,7.39867e-08)
(2.14388e-07,-1.13941e-06)
(2.4938e-05,-4.66425e-06)
(-1.49085e-05,-8.25102e-05)
(-1.83387e-06,1.78902e-06)
(3.98599e-06,4.49315e-06)
(5.75563e-06,-5.61487e-06)
(-4.2443e-06,-5.62882e-06)
(-1.37322e-05,-0.000164954)
(-0.00019477,-1.93363e-05)
(-2.89961e-06,2.82869e-06)
(6.3024e-06,7.10429e-06)
(4.06985e-06,-3.97031e-06)
(-3.00117e-06,-3.98018e-06)
(1.52321e-05,-4.29943e-06)
(-9.80955e-06,-3.65785e-05)
(6.76208e-07,4.29104e-08)
(8.86471e-08,-1.33625e-06)
(3.73108e-05,-1.05314e-05)
(-2.40284e-05,-8.95987e-05)
(-1.41931e-06,1.12041e-06)
(3.72057e-06,4.87409e-06)
(1.79457e-06,7.26955e-05)
(0.000102232,6.42426e-06)
(7.09653e-07,-5.60205e-07)
(-1.86028e-06,-2.43705e-06)
(-2.09461e-06,1.6535e-06)
(1.5125e-06,2.15357e-06)
(1.81407e-05,-1.77505e-06)
(-5.80663e-06,-6.17773e-05)
(4.98383e-07,1.56634e-07)
(4.01135e-07,-1.27292e-06)
(-2.00622e-06,1.75094e-06)
(4.32781e-06,5.27912e-06)
(4.54875e-06,9.77474e-05)
(0.000114559,1.08181e-05)
(1.00311e-06,-8.75469e-07)
(-2.16391e-06,-2.63956e-06)
(-2.91897e-06,2.54754e-06)
(1.82989e-06,2.56274e-06)
(2.75896e-05,-5.16018e-06)
(-1.20555e-05,-6.75537e-05)
(8.63661e-07,1.61466e-07)
(2.87111e-07,-1.51973e-06)
(-2.76094e-06,2.69342e-06)
(5.09859e-06,5.83951e-06)
(1.05997e-05,0.000127326)
(0.00012927,1.66795e-05)
(1.38047e-06,-1.34671e-06)
(-2.5493e-06,-2.91976e-06)
(-3.9561e-06,3.85934e-06)
(2.2276e-06,3.16195e-06)
(4.10964e-05,-1.16e-05)
(-1.978e-05,-7.5001e-05)
(1.46916e-06,9.3229e-08)
(1.25375e-07,-1.84385e-06)
(-1.08333e-08,3.99672e-09)
(1.20118e-06,3.25589e-06)
(3.64738e-08,-1.34563e-08)
(-9.61293e-07,-2.6057e-06)
(-5.10982e-12,-1.2839e-06)
(-0.000102221,-1.76776e-09)
(-1.7129e-08,6.31937e-09)
(1.89924e-06,5.14801e-06)
(2.57909e-08,-9.51501e-09)
(-6.79737e-07,-1.84251e-06)
(3.84308e-08,2.52707e-08)
(1.25017e-05,-1.90121e-05)
(2.33703e-10,8.98864e-10)
(6.12818e-07,-1.59332e-07)
(9.41358e-08,6.19004e-08)
(3.06227e-05,-4.65699e-05)
(-1.84402e-08,7.2568e-09)
(1.28882e-06,3.27508e-06)
(6.19339e-08,-2.43729e-08)
(-1.04162e-06,-2.64704e-06)
(-2.48085e-11,-2.17085e-06)
(-0.000103957,-5.02683e-09)
(-2.91565e-08,1.1474e-08)
(2.03781e-06,5.17835e-06)
(4.37939e-08,-1.72343e-08)
(-7.36538e-07,-1.87174e-06)
(6.95033e-08,4.06372e-08)
(1.16396e-05,-1.99077e-05)
(5.61253e-10,1.59196e-09)
(6.09531e-07,-2.14892e-07)
(1.70248e-07,9.95404e-08)
(2.85111e-05,-4.87636e-05)
(-3.6577e-08,1.57469e-08)
(1.42371e-06,3.3072e-06)
(1.22375e-07,-5.2684e-08)
(-1.16916e-06,-2.71639e-06)
(-1.88721e-10,-4.25911e-06)
(-0.000106868,-1.91734e-08)
(-5.78333e-08,2.4898e-08)
(2.25108e-06,5.22915e-06)
(8.65321e-08,-3.72532e-08)
(-8.26719e-07,-1.92077e-06)
(1.49877e-07,7.30306e-08)
(1.03221e-05,-2.11833e-05)
(1.63617e-09,3.31469e-09)
(5.98994e-07,-2.95671e-07)
(3.67121e-07,1.78888e-07)
(2.52838e-05,-5.18883e-05)
(-6.2951e-08,2.92846e-08)
(1.55407e-06,3.34123e-06)
(2.0981e-07,-9.76028e-08)
(-1.29709e-06,-2.79012e-06)
(-9.37179e-10,-7.24792e-06)
(-0.000109963,-5.4977e-08)
(-9.95342e-08,4.6303e-08)
(2.45719e-06,5.28294e-06)
(1.48358e-07,-6.90156e-08)
(-9.17182e-07,-1.97292e-06)
(2.77004e-07,1.12586e-07)
(9.0689e-06,-2.23124e-05)
(3.72546e-09,5.90289e-09)
(5.8402e-07,-3.68589e-07)
(6.78519e-07,2.75779e-07)
(2.22142e-05,-5.4654e-05)
(-9.74477e-08,4.84791e-08)
(1.67919e-06,3.37662e-06)
(3.23582e-07,-1.60978e-07)
(-1.42433e-06,-2.86732e-06)
(-3.38591e-09,-1.10922e-05)
(-0.000113198,-1.27406e-07)
(-1.54078e-07,7.66522e-08)
(2.65503e-06,5.33891e-06)
(2.28807e-07,-1.13829e-07)
(-1.00715e-06,-2.0275e-06)
(4.55817e-07,1.54268e-07)
(7.89105e-06,-2.33144e-05)
(7.16427e-09,9.34453e-09)
(5.6643e-07,-4.3427e-07)
(1.11652e-06,3.77878e-07)
(1.93291e-05,-5.71083e-05)
(-1.56843e-08,5.78639e-09)
(1.36335e-06,3.69544e-06)
(3.94192e-12,9.9045e-07)
(5.94753e-05,1.44086e-09)
(7.84214e-09,-2.89319e-09)
(-6.81673e-07,-1.84772e-06)
(-2.49875e-08,9.21861e-09)
(4.22633e-07,1.14561e-06)
(1.06684e-07,7.01515e-08)
(2.25248e-05,-3.42549e-05)
(5.22428e-10,2.00935e-09)
(6.89429e-07,-1.7925e-07)
(-2.67321e-08,1.05199e-08)
(1.46883e-06,3.73252e-06)
(1.91362e-11,1.6745e-06)
(6.07577e-05,4.09951e-09)
(1.3366e-08,-5.25995e-09)
(-7.34417e-07,-1.86626e-06)
(-4.24256e-08,1.66958e-08)
(4.61231e-07,1.17215e-06)
(1.92751e-07,1.12697e-07)
(2.10573e-05,-3.60149e-05)
(1.25342e-09,3.55526e-09)
(6.90294e-07,-2.43366e-07)
(-5.31335e-08,2.28747e-08)
(1.6332e-06,3.79389e-06)
(1.45547e-10,3.28477e-06)
(6.29132e-05,1.56515e-08)
(2.65668e-08,-1.14373e-08)
(-8.16599e-07,-1.89695e-06)
(-8.38178e-08,3.60847e-08)
(5.23634e-07,1.21675e-06)
(4.14998e-07,2.02217e-07)
(1.87952e-05,-3.85719e-05)
(3.64836e-09,7.39113e-09)
(6.85547e-07,-3.38395e-07)
(-9.16322e-08,4.2627e-08)
(1.79435e-06,3.858e-06)
(7.22684e-10,5.58906e-06)
(6.52111e-05,4.49265e-08)
(4.58161e-08,-2.13135e-08)
(-8.97175e-07,-1.929e-06)
(-1.43691e-07,6.68443e-08)
(5.87553e-07,1.26429e-06)
(7.65824e-07,3.11264e-07)
(1.66201e-05,-4.08904e-05)
(8.2944e-09,1.31423e-08)
(6.75433e-07,-4.26281e-07)
(-1.42127e-07,7.07067e-08)
(1.95113e-06,3.92385e-06)
(2.61067e-09,8.5525e-06)
(6.7619e-05,1.04236e-07)
(7.10637e-08,-3.53533e-08)
(-9.75566e-07,-1.96192e-06)
(-2.21594e-07,1.1024e-07)
(6.52339e-07,1.3142e-06)
(1.2583e-06,4.25864e-07)
(1.4553e-05,-4.2996e-05)
(1.5927e-08,2.0774e-08)
(6.61791e-07,-5.07379e-07)
(-2.20739e-06,2.33456e-06)
(4.41111e-06,4.77462e-06)
(6.87892e-06,-7.27522e-06)
(-4.7792e-06,-6.40046e-06)
(-2.26984e-05,-0.000192226)
(-0.000209003,-2.39019e-05)
(-3.4902e-06,3.69127e-06)
(6.97458e-06,7.54933e-06)
(4.86413e-06,-5.14435e-06)
(-3.3794e-06,-4.52581e-06)
(1.95486e-05,-6.80553e-06)
(-1.26475e-05,-3.89283e-05)
(9.48063e-07,-1.51694e-08)
(-1.63565e-08,-1.49552e-06)
(4.78842e-05,-1.66701e-05)
(-3.09799e-05,-9.53545e-05)
(-2.6108e-06,3.02105e-06)
(4.9051e-06,5.11541e-06)
(8.0785e-06,-9.34794e-06)
(-5.38842e-06,-7.36855e-06)
(-3.61372e-05,-0.000220565)
(-0.000224656,-2.8052e-05)
(-4.12803e-06,4.77671e-06)
(7.75564e-06,8.08818e-06)
(5.71236e-06,-6.60999e-06)
(-3.81019e-06,-5.21035e-06)
(2.4809e-05,-1.03638e-05)
(-1.588e-05,-4.1784e-05)
(1.31736e-06,-1.25833e-07)
(-1.46459e-07,-1.68931e-06)
(6.07694e-05,-2.53861e-05)
(-3.88978e-05,-0.000102349)
(-2.96363e-06,3.73913e-06)
(5.39177e-06,5.45713e-06)
(9.11662e-06,-1.15022e-05)
(-5.97696e-06,-8.37836e-06)
(-5.22143e-05,-0.000244863)
(-0.000239293,-3.06748e-05)
(-4.68591e-06,5.91208e-06)
(8.52513e-06,8.62849e-06)
(6.44643e-06,-8.13328e-06)
(-4.22635e-06,-5.9244e-06)
(3.01136e-05,-1.44775e-05)
(-1.90005e-05,-4.47402e-05)
(1.73182e-06,-2.83971e-07)
(-2.8357e-07,-1.89145e-06)
(7.37629e-05,-3.54625e-05)
(-4.65415e-05,-0.000109591)
(-3.26286e-06,4.48452e-06)
(5.87759e-06,5.79614e-06)
(9.98885e-06,-1.37288e-05)
(-6.55706e-06,-9.42319e-06)
(-7.05994e-05,-0.000265587)
(-0.000253257,-3.17663e-05)
(-5.15903e-06,7.09064e-06)
(9.29329e-06,9.1645e-06)
(7.06318e-06,-9.70773e-06)
(-4.63654e-06,-6.6632e-06)
(3.54094e-05,-1.90992e-05)
(-2.20475e-05,-4.7828e-05)
(2.18911e-06,-4.92172e-07)
(-4.29272e-07,-2.10565e-06)
(8.67348e-05,-4.67833e-05)
(-5.40051e-05,-0.000117154)
(-3.50476e-06,5.24989e-06)
(6.36516e-06,6.12744e-06)
(1.06878e-05,-1.60096e-05)
(-7.13747e-06,-1.04923e-05)
(-9.08824e-05,-0.000282986)
(-0.000266703,-3.13697e-05)
(-5.54151e-06,8.3008e-06)
(1.00642e-05,9.68833e-06)
(7.55743e-06,-1.13205e-05)
(-5.04695e-06,-7.41916e-06)
(4.06249e-05,-2.41631e-05)
(-2.50286e-05,-5.10481e-05)
(2.68477e-06,-7.51497e-07)
(-5.83962e-07,-2.33383e-06)
(9.95102e-05,-5.91874e-05)
(-6.13073e-05,-0.000125042)
(-3.50681e-06,5.25738e-06)
(6.3699e-06,6.1306e-06)
(1.06937e-05,-1.60319e-05)
(-7.14312e-06,-1.05027e-05)
(-9.10869e-05,-0.000283139)
(-0.000266831,-3.13588e-05)
(-5.54476e-06,8.31264e-06)
(1.00717e-05,9.69332e-06)
(7.5616e-06,-1.13363e-05)
(-5.05095e-06,-7.42655e-06)
(4.06748e-05,-2.42142e-05)
(-2.50572e-05,-5.10799e-05)
(2.68975e-06,-7.54261e-07)
(-5.85505e-07,-2.33611e-06)
(9.96325e-05,-5.93123e-05)
(-6.13772e-05,-0.00012512)
(-3.68855e-06,6.03571e-06)
(6.8609e-06,6.44967e-06)
(1.12139e-05,-1.83497e-05)
(-7.732e-06,-1.15864e-05)
(-0.000112873,-0.000297397)
(-0.000279835,-2.95425e-05)
(-5.8321e-06,9.54329e-06)
(1.0848e-05,1.01978e-05)
(7.92943e-06,-1.29752e-05)
(-5.46735e-06,-8.19282e-06)
(4.57449e-05,-2.96563e-05)
(-2.79724e-05,-5.44234e-05)
(3.21925e-06,-1.06517e-06)
(-7.49234e-07,-2.57971e-06)
(0.000112052,-7.26428e-05)
(-6.85181e-05,-0.00013331)
(-3.84824e-06,7.21479e-06)
(7.60701e-06,6.89856e-06)
(1.16629e-05,-2.1866e-05)
(-8.64816e-06,-1.32234e-05)
(-0.000147573,-0.000313418)
(-0.000298626,-2.43951e-05)
(-6.0846e-06,1.14076e-05)
(1.20277e-05,1.09076e-05)
(8.24694e-06,-1.54616e-05)
(-6.11517e-06,-9.35035e-06)
(5.29763e-05,-3.83929e-05)
(-3.22262e-05,-5.96387e-05)
(4.06698e-06,-1.62599e-06)
(-1.01123e-06,-2.97622e-06)
(0.000129765,-9.40431e-05)
(-7.89377e-05,-0.000146084)
(-3.87161e-06,7.60884e-06)
(7.8591e-06,7.03919e-06)
(1.17256e-05,-2.30442e-05)
(-8.96613e-06,-1.37699e-05)
(-0.000159537,-0.000317431)
(-0.000304715,-2.208e-05)
(-6.12156e-06,1.20306e-05)
(1.24263e-05,1.11299e-05)
(8.29125e-06,-1.62947e-05)
(-6.34001e-06,-9.7368e-06)
(5.52708e-05,-4.14348e-05)
(-3.36147e-05,-6.14244e-05)
(4.36212e-06,-1.83781e-06)
(-1.10288e-06,-3.11731e-06)
(0.000135385,-0.000101494)
(-8.23389e-05,-0.000150458)
(-3.8741e-06,8.40284e-06)
(8.37394e-06,7.30803e-06)
(1.17221e-05,-2.54251e-05)
(-9.63212e-06,-1.48715e-05)
(-0.0001841,-0.000323647)
(-0.000316747,-1.65609e-05)
(-6.12548e-06,1.32861e-05)
(1.32404e-05,1.1555e-05)
(8.28881e-06,-1.79783e-05)
(-6.81094e-06,-1.05157e-05)
(5.97051e-05,-4.77398e-05)
(-3.63759e-05,-6.50897e-05)
(4.97451e-06,-2.30253e-06)
(-1.29421e-06,-3.41644e-06)
(0.000146247,-0.000116938)
(-8.91023e-05,-0.000159437)
(-3.81894e-06,9.18353e-06)
(8.89173e-06,7.55307e-06)
(1.15512e-05,-2.77776e-05)
(-1.03274e-05,-1.59564e-05)
(-0.000208763,-0.000327453)
(-0.000328305,-1.00555e-05)
(-6.03827e-06,1.45204e-05)
(1.40591e-05,1.19424e-05)
(8.16796e-06,-1.96418e-05)
(-7.3026e-06,-1.12829e-05)
(6.38138e-05,-5.4162e-05)
(-3.90566e-05,-6.87825e-05)
(5.5996e-06,-2.81017e-06)
(-1.49149e-06,-3.73195e-06)
(0.000156311,-0.000132669)
(-9.56688e-05,-0.000168482)
(-3.70818e-06,9.95627e-06)
(9.4184e-06,7.77625e-06)
(1.12182e-05,-3.01203e-05)
(-1.10639e-05,-1.70337e-05)
(-0.000233598,-0.000329083)
(-0.000339512,-2.58429e-06)
(-5.86315e-06,1.57422e-05)
(1.48918e-05,1.22953e-05)
(7.93248e-06,-2.12983e-05)
(-7.82336e-06,-1.20447e-05)
(6.76286e-05,-6.07337e-05)
(-4.16925e-05,-7.25261e-05)
(6.24097e-06,-3.36415e-06)
(-1.69627e-06,-4.06767e-06)
(0.000165656,-0.000148767)
(-0.000102125,-0.000177652)
(-3.54395e-06,1.07174e-05)
(9.95358e-06,7.97657e-06)
(1.07284e-05,-3.24441e-05)
(-1.18447e-05,-1.80999e-05)
(-0.000258417,-0.000328679)
(-0.00035034,5.7757e-06)
(-5.60348e-06,1.69457e-05)
(1.5738e-05,1.26121e-05)
(7.58614e-06,-2.29415e-05)
(-8.37548e-06,-1.27986e-05)
(7.1133e-05,-6.74175e-05)
(-4.42869e-05,-7.63013e-05)
(6.89515e-06,-3.96241e-06)
(-1.90779e-06,-4.42381e-06)
(0.000174239,-0.000165139)
(-0.00010848,-0.000186899)
(-3.3282e-06,1.14652e-05)
(1.04979e-05,8.15368e-06)
(1.00863e-05,-3.47461e-05)
(-1.26741e-05,-1.9154e-05)
(-0.000283109,-0.000326374)
(-0.000360787,1.49718e-05)
(-5.26235e-06,1.81281e-05)
(1.65986e-05,1.28921e-05)
(7.1321e-06,-2.45692e-05)
(-8.96197e-06,-1.3544e-05)
(7.4322e-05,-7.41947e-05)
(-4.68501e-05,-8.00981e-05)
(7.56039e-06,-4.60414e-06)
(-2.12575e-06,-4.80127e-06)
(0.000182051,-0.000181739)
(-0.000114759,-0.000196199)
(-3.19914e-06,1.18404e-05)
(1.07787e-05,8.23485e-06)
(9.70212e-06,-3.59087e-05)
(-1.31164e-05,-1.96858e-05)
(-0.000295603,-0.000324508)
(-0.000365957,1.99605e-05)
(-5.05829e-06,1.87213e-05)
(1.70426e-05,1.30204e-05)
(6.86044e-06,-2.53913e-05)
(-9.27466e-06,-1.39199e-05)
(7.58233e-05,-7.76759e-05)
(-4.81464e-05,-8.20364e-05)
(7.90279e-06,-4.94736e-06)
(-2.23909e-06,-5.00191e-06)
(0.000185728,-0.000190266)
(-0.000117934,-0.000200947)
(-3.33841e-06,3.53074e-06)
(5.7097e-06,6.31183e-06)
(1.75324e-05,0.000148476)
(0.000140178,2.0972e-05)
(1.66921e-06,-1.76537e-06)
(-2.85485e-06,-3.15592e-06)
(-4.73486e-06,5.00764e-06)
(2.53437e-06,3.69145e-06)
(5.25799e-05,-1.83048e-05)
(-2.58061e-05,-8.11171e-05)
(2.05333e-06,-3.28541e-08)
(-1.74414e-08,-2.11505e-06)
(-3.96774e-06,4.59122e-06)
(6.42638e-06,6.88562e-06)
(2.79372e-05,0.000170516)
(0.000152261,2.51956e-05)
(1.98387e-06,-2.29561e-06)
(-3.21319e-06,-3.44281e-06)
(-5.57064e-06,6.446e-06)
(2.88323e-06,4.36171e-06)
(6.65129e-05,-2.77854e-05)
(-3.27878e-05,-8.85963e-05)
(2.8437e-06,-2.71629e-07)
(-2.02188e-07,-2.45352e-06)
(-4.52373e-06,5.70747e-06)
(7.13834e-06,7.46454e-06)
(4.04044e-05,0.00018948)
(0.000163664,2.83226e-05)
(2.26187e-06,-2.85373e-06)
(-3.56917e-06,-3.73227e-06)
(-6.29863e-06,7.9468e-06)
(3.21978e-06,5.06756e-06)
(8.05042e-05,-3.87034e-05)
(-3.96233e-05,-9.63688e-05)
(3.7274e-06,-6.11191e-07)
(-4.04292e-07,-2.81444e-06)
(-5.00048e-06,6.87272e-06)
(7.85418e-06,8.04358e-06)
(5.46858e-05,0.000205722)
(0.00017465,3.03266e-05)
(2.50024e-06,-3.43636e-06)
(-3.92709e-06,-4.02179e-06)
(-6.91524e-06,9.50439e-06)
(3.55167e-06,5.80496e-06)
(9.44202e-05,-5.09287e-05)
(-4.63684e-05,-0.000104505)
(4.6992e-06,-1.05651e-06)
(-6.25569e-07,-3.20384e-06)
(-5.39102e-06,8.07537e-06)
(8.57731e-06,8.61505e-06)
(7.04698e-05,0.000219426)
(0.00018534,3.1216e-05)
(2.69551e-06,-4.03769e-06)
(-4.28866e-06,-4.30753e-06)
(-7.41467e-06,1.11067e-05)
(3.88489e-06,6.56689e-06)
(0.000108079,-6.42842e-05)
(-5.30204e-05,-0.000113001)
(5.74947e-06,-1.60934e-06)
(-8.66239e-07,-3.6249e-06)
(-5.39436e-06,8.08717e-06)
(8.58436e-06,8.62053e-06)
(7.06291e-05,0.000219547)
(0.000185442,3.12193e-05)
(2.69718e-06,-4.04359e-06)
(-4.29218e-06,-4.31026e-06)
(-7.41893e-06,1.11224e-05)
(3.88815e-06,6.57437e-06)
(0.00010821,-6.44186e-05)
(-5.30844e-05,-0.000113085)
(5.76e-06,-1.61522e-06)
(-8.68665e-07,-3.62914e-06)
(-5.69319e-06,9.31598e-06)
(9.31706e-06,9.17721e-06)
(8.76152e-05,0.000230847)
(0.000195892,3.10247e-05)
(2.8466e-06,-4.65799e-06)
(-4.65853e-06,-4.58861e-06)
(-7.79657e-06,1.27578e-05)
(4.22853e-06,7.35446e-06)
(0.000121448,-7.87342e-05)
(-5.96289e-05,-0.000121914)
(6.87909e-06,-2.27612e-06)
(-1.1285e-06,-4.08441e-06)
(-5.96715e-06,1.11874e-05)
(1.04385e-05,9.97319e-06)
(0.000114735,0.000243676)
(0.000211191,2.8847e-05)
(2.98358e-06,-5.59369e-06)
(-5.21925e-06,-4.98659e-06)
(-8.13545e-06,1.52526e-05)
(4.7648e-06,8.54778e-06)
(0.000140264,-0.000101652)
(-6.92303e-05,-0.000135696)
(8.66576e-06,-3.4646e-06)
(-1.55248e-06,-4.83532e-06)
(-6.01197e-06,1.18153e-05)
(1.08195e-05,1.02263e-05)
(0.000124103,0.000246929)
(0.0002162,2.7648e-05)
(3.00599e-06,-5.90763e-06)
(-5.40975e-06,-5.11314e-06)
(-8.18821e-06,1.60922e-05)
(4.95319e-06,8.95023e-06)
(0.000146219,-0.000109616)
(-7.2375e-05,-0.000140418)
(9.28661e-06,-3.91255e-06)
(-1.70266e-06,-5.1049e-06)
(-6.03228e-06,1.30839e-05)
(1.16008e-05,1.07161e-05)
(0.000143367,0.000252037)
(0.000226177,2.45506e-05)
(3.01614e-06,-6.54195e-06)
(-5.80038e-06,-5.35807e-06)
(-8.20414e-06,1.77946e-05)
(5.35184e-06,9.76766e-06)
(0.000157707,-0.000126101)
(-7.86409e-05,-0.000150115)
(1.05731e-05,-4.89395e-06)
(-2.01871e-06,-5.67988e-06)
(-5.9614e-06,1.43356e-05)
(1.23906e-05,1.1171e-05)
(0.000162747,0.000255275)
(0.00023586,2.06402e-05)
(2.9807e-06,-7.16778e-06)
(-6.1953e-06,-5.58551e-06)
(-8.10247e-06,1.94843e-05)
(5.77397e-06,1.05811e-05)
(0.000168326,-0.000142867)
(-8.47384e-05,-0.00015989)
(1.18843e-05,-5.96416e-06)
(-2.34749e-06,-6.2906e-06)
(-5.80216e-06,1.55785e-05)
(1.31981e-05,1.15943e-05)
(0.000182301,0.000256818)
(0.000245344,1.59382e-05)
(2.90108e-06,-7.78924e-06)
(-6.59904e-06,-5.79715e-06)
(-7.88629e-06,2.11743e-05)
(6.22751e-06,1.13971e-05)
(0.000178165,-0.00016)
(-9.07459e-05,-0.000169809)
(1.32278e-05,-7.13036e-06)
(-2.69126e-06,-6.94444e-06)
(-5.55744e-06,1.68064e-05)
(1.40226e-05,1.1984e-05)
(0.000201881,0.000256772)
(0.000254603,1.04972e-05)
(2.77872e-06,-8.40321e-06)
(-7.01132e-06,-5.99198e-06)
(-7.55856e-06,2.28581e-05)
(6.71514e-06,1.22131e-05)
(0.000187182,-0.000177405)
(-9.66707e-05,-0.00017982)
(1.45965e-05,-8.38813e-06)
(-3.04847e-06,-7.64184e-06)
(-5.22993e-06,1.80165e-05)
(1.48652e-05,1.23392e-05)
(0.0002214,0.000255234)
(0.000263628,4.35438e-06)
(2.61496e-06,-9.00823e-06)
(-7.43261e-06,-6.16959e-06)
(-7.12168e-06,2.45333e-05)
(7.2402e-06,1.30282e-05)
(0.000195368,-0.000195034)
(-0.000102536,-0.000189899)
(1.59869e-05,-9.73577e-06)
(-3.41831e-06,-8.38455e-06)
(-5.0322e-06,1.86248e-05)
(1.53014e-05,1.25066e-05)
(0.000231291,0.000253907)
(0.000268131,9.67611e-07)
(2.5161e-06,-9.31238e-06)
(-7.6507e-06,-6.25329e-06)
(-6.85798e-06,2.53822e-05)
(7.52289e-06,1.34425e-05)
(0.000199215,-0.000204083)
(-0.000105507,-0.000195049)
(1.67021e-05,-1.0456e-05)
(-3.61122e-06,-8.78065e-06)
(-3.87964e-06,8.15935e-06)
(8.21494e-06,7.22767e-06)
(1.17415e-05,-2.46939e-05)
(-9.4239e-06,-1.45335e-05)
(-0.000176508,-0.000321999)
(-0.000313088,-1.83727e-05)
(-6.13424e-06,1.29011e-05)
(1.2989e-05,1.14279e-05)
(8.30251e-06,-1.74612e-05)
(-6.6637e-06,-1.02768e-05)
(5.83724e-05,-4.57818e-05)
(-3.55336e-05,-6.39561e-05)
(4.78421e-06,-2.15457e-06)
(-1.23457e-06,-3.3225e-06)
(0.000142983,-0.000112142)
(-8.70392e-05,-0.00015666)
(-3.56816e-06,1.06195e-05)
(9.88378e-06,7.95193e-06)
(1.08005e-05,-3.21444e-05)
(-1.1741e-05,-1.79625e-05)
(-0.000255208,-0.000328841)
(-0.000348959,4.64506e-06)
(-5.64176e-06,1.6791e-05)
(1.56276e-05,1.25731e-05)
(7.63712e-06,-2.27295e-05)
(-8.30211e-06,-1.27014e-05)
(7.06969e-05,-6.65464e-05)
(-4.39529e-05,-7.58111e-05)
(6.80979e-06,-3.88248e-06)
(-1.88003e-06,-4.37652e-06)
(0.000173171,-0.000163005)
(-0.000107662,-0.000185698)
(-6.03597e-06,1.26944e-05)
(1.1359e-05,1.05688e-05)
(0.000137408,0.00025067)
(0.000223133,2.55958e-05)
(3.01798e-06,-6.34719e-06)
(-5.67951e-06,-5.2844e-06)
(-8.21205e-06,1.7271e-05)
(5.2266e-06,9.51601e-06)
(0.000154257,-0.000120985)
(-7.67279e-05,-0.000147115)
(1.01736e-05,-4.58168e-06)
(-1.91985e-06,-5.49884e-06)
(-5.59385e-06,1.66484e-05)
(1.39149e-05,1.19354e-05)
(0.000199347,0.000256864)
(0.000253417,1.1242e-05)
(2.79692e-06,-8.32419e-06)
(-6.95743e-06,-5.96772e-06)
(-7.60719e-06,2.26405e-05)
(6.64996e-06,1.21075e-05)
(0.000186061,-0.000175137)
(-9.59074e-05,-0.000178519)
(1.4418e-05,-8.22017e-06)
(-3.00149e-06,-7.54902e-06)
(-3.39598e-06,4.88049e-06)
(6.1308e-06,5.96968e-06)
(1.03743e-05,-1.49092e-05)
(-6.85832e-06,-9.97675e-06)
(-8.09361e-05,-0.000275036)
(-0.000260307,-3.17413e-05)
(-5.36952e-06,7.71673e-06)
(9.69364e-06,9.43889e-06)
(7.33572e-06,-1.05424e-05)
(-4.84956e-06,-7.05463e-06)
(3.81357e-05,-2.16816e-05)
(-2.36058e-05,-4.94864e-05)
(2.44238e-06,-6.20622e-07)
(-5.08586e-07,-2.22247e-06)
(9.34131e-05,-5.31089e-05)
(-5.78221e-05,-0.000121216)
(-5.21467e-06,7.49419e-06)
(8.22915e-06,8.34217e-06)
(6.27261e-05,0.000213155)
(0.000180241,3.09262e-05)
(2.60734e-06,-3.74709e-06)
(-4.11458e-06,-4.17108e-06)
(-7.18985e-06,1.03328e-05)
(3.72442e-06,6.19854e-06)
(0.000101566,-5.77441e-05)
(-4.98399e-05,-0.000108879)
(5.2362e-06,-1.33055e-06)
(-7.48314e-07,-3.41869e-06)
