# S(0) in keV b
5.290950378793883857e-01
5.263741680565848791e-01
5.504716937428059120e-01
5.313215578309522513e-01
5.492190282655613487e-01
5.621201020030631712e-01
5.502629879978224725e-01
5.521028888785646238e-01
5.457837508754277422e-01
5.348089379062572757e-01
5.390487479589769482e-01
5.462506962013194967e-01
5.401100096371274084e-01
5.371361096623118447e-01
5.388097832277939370e-01
5.470813164703949294e-01
5.367369359218774338e-01
5.203571406985759706e-01
5.280815230976800834e-01
5.347512219391663546e-01
5.353157760026325818e-01
5.354696161313108327e-01
5.321760003629669722e-01
5.279208548507194898e-01
5.495431241756547625e-01
5.421299416884737266e-01
5.352735367956820145e-01
5.451764431559742441e-01
5.482643853935282863e-01
5.550039691027064404e-01
5.230633702917117933e-01
5.359900119178303557e-01
5.417830566906544076e-01
5.455306713725801560e-01
5.563953609297397351e-01
5.281316324304705656e-01
5.369990845083921771e-01
5.476906173479563211e-01
5.406839096153815971e-01
5.510357957902491943e-01
5.497802814458787601e-01
5.382437818296318399e-01
5.301020977186489125e-01
5.471282306226012970e-01
5.345096286982764511e-01
5.447335263181396492e-01
5.342666623707470475e-01
5.303441534784595346e-01
5.422035866102337121e-01
5.393998117443492557e-01
5.376613662255353976e-01
5.576248430118501132e-01
5.315710697757392023e-01
5.261386888933535788e-01
5.399267649500243405e-01
5.388003210992922121e-01
5.118180683744477655e-01
5.569450163712149626e-01
5.518415392667671560e-01
5.433999934138368237e-01
5.562037223384355134e-01
5.495318645715511208e-01
5.303957287172161861e-01
5.587861730436584073e-01
5.539409390228444696e-01
5.541071213443657939e-01
5.365501170190196678e-01
5.378475982598953653e-01
5.370273280461880239e-01
5.355337449814685513e-01
5.497416546909413837e-01
5.452288697575721210e-01
5.302703048900189176e-01
5.432790182562791115e-01
5.487179232912728910e-01
5.416677565139366157e-01
5.567497209377028078e-01
5.237276271731716726e-01
5.297297793614365036e-01
5.452435966991282523e-01
5.459069382228893819e-01
5.406030319545536145e-01
5.616011863722931707e-01
5.206477468332658676e-01
5.353964418478527332e-01
5.479933424893579375e-01
5.413061468317210689e-01
5.442311104665870092e-01
5.352992741262408982e-01
5.306937391369713763e-01
5.343426958981317698e-01
5.343853161168831134e-01
5.288663447727570688e-01
5.296426219946369640e-01
5.351053101276276314e-01
5.284934834221768352e-01
5.431111059650767237e-01
5.506411291541666309e-01
5.636979004442678187e-01
5.463269109468358309e-01
5.436641180362584702e-01
5.488464227556476560e-01
5.558511454400165697e-01
5.380657015352365846e-01
5.325628837444434938e-01
5.410852375889323440e-01
5.258920530071977684e-01
5.366184369294658696e-01
5.450595973732118571e-01
5.241093856201798351e-01
5.490610836890513768e-01
5.304518567619349589e-01
5.317749309501937915e-01
5.406360376961322212e-01
5.275962025984276549e-01
5.413633119199796617e-01
5.391291442043861792e-01
5.243619170558918574e-01
5.467358890721275566e-01
5.190118636665115304e-01
5.329022201050762630e-01
5.277702186023335296e-01
5.276885300373702625e-01
5.243274459354813066e-01
5.353232172874149430e-01
5.499383153263278645e-01
5.312106921953234639e-01
5.450436769508157919e-01
5.222785751225523798e-01
5.387580881776837805e-01
5.426936417170523663e-01
5.365406508368902871e-01
5.266855391510207873e-01
5.388556643783741773e-01
5.361177917835763251e-01
5.358088037829126238e-01
5.195937106392960469e-01
5.171263637196072960e-01
5.401075049267951567e-01
5.328908119549771172e-01
5.415939141971390924e-01
5.372255198510796914e-01
5.211440939266880346e-01
5.466530149640252967e-01
5.429349449128667571e-01
5.330698882661256688e-01
5.172390846101132533e-01
5.414901004738338353e-01
5.382379237860029919e-01
5.362220651965398099e-01
5.536867483735794515e-01
5.288993770820854534e-01
5.285735625474818900e-01
5.139763818778865234e-01
5.334096698285190064e-01
5.483474455556609506e-01
5.432187237998598039e-01
5.267758997262950160e-01
5.348653098235714998e-01
5.456142954207486850e-01
5.400083295603463895e-01
5.374962065802002531e-01
5.327630797981719457e-01
5.434815991439549965e-01
5.199840111822040534e-01
5.356084122543658399e-01
5.411097186917399604e-01
5.394749325526656536e-01
5.449228873173854737e-01
5.483102345987533877e-01
5.332865653823586349e-01
5.220253411947167743e-01
5.207065408471557300e-01
5.409435389006101991e-01
5.467611723891830922e-01
5.459808918247147647e-01
5.445263838864384809e-01
5.474396921894525425e-01
5.481719452782043422e-01
5.422958766394175845e-01
5.452174988004043765e-01
5.193499505630513324e-01
5.489359338449394388e-01
5.479213496921147009e-01
5.444644190741356748e-01
5.534031122055989016e-01
5.464286573208800846e-01
5.383386724154961556e-01
5.396376777724616325e-01
5.360466499402241070e-01
5.355989028561897181e-01
5.421227538895320164e-01
5.251499033926847471e-01
5.340004492576100326e-01
5.357456294111924144e-01
5.412868188195636421e-01
5.284155537162551486e-01
5.507330091632332003e-01
5.456806549284398677e-01
5.386314034039606513e-01
5.412072104752239099e-01
5.363484779203054886e-01
5.301492125918425558e-01
5.290684140951029679e-01
5.457014358821201672e-01
5.431664701988218047e-01
5.411053508076137941e-01
5.256830751892825893e-01
5.396034214719215294e-01
5.318713873496840883e-01
5.312490120090029855e-01
5.518508010425513532e-01
5.401731145635525477e-01
5.391043060458418079e-01
5.511193189480060317e-01
5.330356543384296986e-01
5.319130694045647312e-01
5.434282202738436318e-01
5.307736879644060490e-01
5.372681012206014239e-01
5.409086431204477297e-01
5.355576930535811409e-01
5.357689564498588908e-01
5.330144851369146286e-01
5.522831343889998967e-01
5.408933759782947881e-01
5.492706445823186678e-01
5.166027849020428109e-01
5.268050256320476743e-01
5.279991051000817448e-01
5.256325064663430746e-01
5.306560560221386114e-01
5.335732897334037883e-01
5.390534936279919309e-01
5.250545597629464600e-01
5.238463407782881776e-01
5.343423784607632676e-01
5.430576039978182168e-01
5.407786947814204881e-01
5.307707683811443422e-01
5.282882124412863201e-01
5.382164623610677934e-01
5.348597685079167219e-01
5.183526674673477608e-01
5.325911107030966152e-01
5.314830793984067769e-01
5.325596407257857656e-01
5.191477656877703240e-01
5.391254932617058904e-01
5.437983317714037979e-01
5.408857508943183401e-01
5.364380862835254060e-01
5.277269654157831225e-01
5.201336526486917133e-01
5.437464350979586136e-01
5.515699723643804342e-01
5.348395481264330842e-01
5.384600120684239766e-01
5.364880103166845826e-01
5.284772847801968432e-01
5.074624722363024754e-01
5.518707291725344355e-01
5.380655386306001375e-01
5.417859717376701800e-01
5.469125081175316705e-01
5.489689952181633359e-01
5.360631164118331293e-01
5.495788159620459412e-01
5.457586019528923860e-01
5.207446112834092089e-01
5.266996017460372492e-01
5.353414655293279312e-01
5.475250645150716577e-01
5.592355425307148353e-01
5.358709870667056618e-01
5.232049410367521913e-01
5.437767567822682224e-01
5.189455268445345437e-01
5.318852874390825880e-01
5.249863899582540849e-01
5.429823101572583965e-01
5.404988985212257901e-01
5.536114009019291737e-01
5.352699024769846936e-01
5.379177733782863902e-01
5.395665055154984513e-01
5.471871690292466894e-01
5.320340649002498479e-01
5.357737350874121063e-01
5.512595061479106384e-01
5.435473071562574310e-01
5.281929126222690840e-01
5.384081423165716362e-01
5.268318757517485018e-01
5.350699419859773487e-01
5.294207356107860640e-01
5.429297829901629235e-01
5.508622049798980180e-01
5.366946481363170651e-01
5.378500755830653013e-01
5.337381502126559152e-01
5.552279933705244197e-01
5.409280269531588914e-01
5.371255158101440053e-01
5.510997748573887023e-01
5.281933744836059264e-01
5.542093456779182414e-01
5.352771937907693234e-01
5.483550395153781176e-01
5.493442783305152455e-01
5.379435597745818587e-01
5.321588412917738209e-01
5.502015375280138176e-01
5.594891064032796457e-01
5.406411109884882160e-01
5.204858276044953547e-01
5.609602135927139743e-01
5.466818997024701643e-01
5.541625308028991226e-01
5.551200841018748555e-01
5.515935571028355300e-01
5.284933370455221491e-01
5.357584985966991065e-01
5.277289197738603832e-01
5.447027615753040619e-01
5.520327756467304781e-01
5.226541331845357963e-01
5.366116837706835785e-01
5.228199301646860864e-01
5.411374267442514707e-01
5.328835929072178734e-01
5.243567346480699776e-01
5.412933944587494661e-01
5.293091832293587151e-01
5.472449565720332032e-01
5.251043019651641108e-01
5.167076562731222067e-01
5.513086882184825566e-01
5.335853965565119372e-01
5.367674865734983758e-01
5.388126280787640665e-01
5.334995811201284077e-01
5.245052008721964310e-01
5.301912121182701387e-01
5.451982696451700416e-01
5.482532664787680421e-01
5.357872517118910105e-01
5.343372354233364430e-01
5.464509786052290652e-01
5.319447596142663492e-01
5.352245431654566454e-01
5.323609933809897443e-01
5.320506467054241240e-01
5.371587359307478104e-01
5.306155574169663103e-01
5.326126451004623563e-01
5.491408652909157695e-01
5.240407335599647221e-01
5.295666250814192733e-01
5.416185096187290382e-01
5.192684498796765746e-01
5.482800426783779324e-01
5.356402431008018272e-01
5.353092968738943913e-01
5.429447921839426483e-01
5.477700611977163181e-01
5.462176824946011200e-01
5.294624323897685336e-01
5.424314155280945959e-01
5.536237568578139534e-01
5.285908534176275708e-01
5.335809810097212891e-01
5.413773034149822472e-01
5.388656950524683964e-01
5.478091994513362151e-01
5.199533084699022867e-01
5.372658992938500466e-01
5.314318449547666967e-01
5.150650795651150471e-01
5.431509065572880379e-01
5.363740950866872081e-01
5.433247937741769729e-01
5.465671461432839440e-01
5.419045513115094970e-01
5.374632527063359921e-01
5.240503938904114145e-01
5.385151532197998137e-01
5.244275053691728194e-01
5.352311311415491879e-01
5.256241205683700457e-01
5.428982472160563955e-01
5.255945577828464721e-01
5.224844091011892067e-01
5.414734071382223402e-01
5.374330137455778367e-01
5.335126238458792747e-01
5.366943826180688992e-01
5.507105434843634351e-01
5.640644886108968636e-01
5.330530979739419584e-01
5.309032647840855601e-01
5.481537925442093728e-01
5.340442025651384039e-01
5.378666334038635366e-01
5.412973584790825576e-01
5.413178909036259201e-01
5.451202040153704242e-01
5.411576991635901335e-01
5.442215347560150907e-01
5.344581233480414362e-01
5.324436257599807210e-01
5.441912060289346709e-01
5.219488393890368005e-01
5.294991095145593629e-01
5.250429396123758030e-01
5.379526026706041852e-01
5.398159841200979026e-01
5.342097813546227147e-01
5.224322779192478450e-01
5.416706776361304154e-01
5.209725989619030662e-01
5.309205972979966770e-01
5.300075633527429053e-01
5.279417250854716581e-01
5.264757922482579122e-01
5.306518673240550044e-01
5.286019542203922450e-01
5.322422200244794066e-01
5.258015336035599674e-01
5.332738691052911761e-01
5.181161019921092237e-01
5.341487400398338137e-01
5.278432614794384969e-01
5.339247345361387564e-01
5.372440358485289780e-01
5.220057715748677163e-01
5.403657697166313056e-01
5.584814812206995160e-01
5.384554705384272388e-01
5.269215623216850775e-01
5.540591561754186767e-01
5.110737769578260759e-01
5.423890078420522398e-01
5.432438170298555802e-01
5.332271755696509352e-01
5.552974389834461899e-01
5.296681423191408333e-01
5.272631641292884197e-01
5.264961943000624478e-01
5.210358753360118111e-01
5.364582827305777180e-01
5.313650338114541682e-01
5.367510631860425985e-01
5.398269156380595124e-01
5.447662949599376692e-01
5.245791545875990725e-01
5.302575098989339430e-01
5.305017704213046414e-01
5.418849347455858556e-01
5.516924564976439793e-01
5.457901455186633388e-01
5.361899046657816470e-01
5.292919603526734518e-01
5.324384561141850547e-01
5.287972872324391282e-01
5.224364273248280899e-01
5.213855866154404328e-01
5.326693809993716666e-01
5.440308097171006052e-01
5.228103400455613725e-01
5.526444438888602484e-01
5.275676892477741964e-01
5.398231680304015345e-01
5.290869919976222135e-01
5.373537228219178452e-01
5.436910362051851076e-01
5.231995052211003694e-01
5.294456170057778577e-01
5.407362805669239103e-01
5.295509996548838361e-01
5.341661184022246101e-01
5.389037987612110836e-01
5.392816446879405978e-01
5.440060949071975349e-01
5.342185997849737689e-01
5.452535283614354800e-01
5.440734238091179398e-01
5.409077381263561746e-01
5.382508387249677062e-01
5.173943353709002935e-01
5.381924811699994038e-01
5.439952065185975627e-01
5.350248026651540645e-01
5.375167922552832600e-01
5.328933515565020818e-01
5.228671571370316906e-01
5.264710616533569976e-01
5.387548973739185731e-01
5.553199205476520017e-01
5.292829949094098874e-01
5.276992473346948653e-01
5.529845321580258988e-01
5.420901373895675723e-01
5.443615640871614092e-01
5.261688392666027392e-01
5.290805296126941393e-01
5.330144521583854988e-01
5.349987421677550037e-01
5.460199934138447730e-01
5.460537571838107729e-01
5.420337761784692621e-01
5.476111637504313956e-01
5.388392304509527220e-01
5.299060642383646158e-01
5.349196407426101141e-01
5.327655143524221426e-01
5.305092019306112405e-01
5.152568129193266788e-01
5.359253783342309285e-01
5.302858852054271876e-01
5.392187918738949870e-01
5.467592985717592002e-01
5.327588310365365398e-01
5.448061632924292574e-01
5.338699317479788098e-01
5.464207147737083492e-01
5.369797751030295219e-01
5.273392639606964138e-01
5.407843266800871351e-01
5.238853455429218764e-01
5.397360559865151952e-01
5.360057757358076547e-01
5.307022919319567267e-01
5.367321491312391224e-01
5.599605950492840822e-01
5.144996474010070653e-01
5.251729518583463374e-01
5.453438868318191135e-01
5.430582310862533957e-01
5.465562702927614369e-01
5.279426055995949385e-01
5.307824836584796868e-01
5.502479601001218912e-01
5.312318696287086084e-01
5.363537740974728685e-01
5.523878692752026698e-01
5.213526490501867450e-01
5.260336465298919295e-01
5.281133396916575240e-01
5.542101352198398612e-01
5.352174067031204574e-01
5.350658353849454540e-01
5.481818873654701330e-01
5.335605314907755359e-01
5.343567466685590350e-01
5.451560622251070409e-01
5.376170003534942454e-01
5.270261697735734163e-01
5.388104240358250197e-01
5.442213844333497752e-01
5.285205973138177304e-01
5.388876035274520193e-01
5.373315230975146406e-01
5.229207357452313465e-01
5.259759822945537788e-01
5.219418159710899063e-01
5.415350334509481112e-01
5.408634033214211323e-01
5.337960188713344323e-01
5.440969609605345036e-01
5.393684126438038628e-01
5.225262627306688223e-01
5.484940993523469421e-01
5.416590182555338640e-01
5.158912967744514466e-01
5.428982407943222510e-01
5.223589958773897646e-01
5.169852296259580537e-01
5.259527641565888700e-01
5.455012777342634900e-01
5.406736354887651252e-01
5.456925203774412036e-01
5.440556294953348138e-01
5.485817577883079776e-01
5.272260379120851104e-01
5.253114097198990917e-01
5.422311681975916509e-01
5.318092470822332052e-01
5.208022655213320196e-01
5.401278704106222683e-01
5.420313108425256488e-01
5.336049672555269741e-01
5.351661817979513902e-01
5.378767198727079091e-01
5.406166375008472080e-01
5.239879799711845143e-01
5.386454725579894465e-01
5.310180700530742204e-01
5.389787913874579672e-01
5.266049719463725687e-01
5.215282166778879569e-01
5.442411250338662354e-01
5.415669709415593669e-01
5.331529783933256494e-01
5.371137125011292701e-01
5.368473404096547608e-01
5.264150813604633328e-01
5.222994556829625434e-01
5.547970435278620771e-01
5.267386064189312211e-01
5.448222711386806472e-01
5.483758952551922583e-01
5.435351059920430217e-01
5.496943879702469449e-01
5.420014737751550626e-01
5.212750174151423721e-01
5.280727435840877337e-01
5.367766002572245121e-01
5.299768851421545746e-01
5.141814843808029112e-01
5.247323500880902714e-01
5.341882519056657674e-01
5.424741631521997620e-01
5.299436054723958289e-01
5.363277382719564557e-01
5.333560930793237453e-01
5.247570499399794031e-01
5.498537326461238051e-01
5.451045940260694778e-01
5.235155512792822874e-01
5.476704569969006453e-01
5.389037844170042613e-01
5.318040976611295712e-01
5.475881604350604226e-01
5.336475093354863253e-01
5.480272821377586423e-01
5.301179256954252628e-01
5.197213646655099994e-01
5.398087691998142423e-01
5.427043695998455819e-01
5.529256375932570799e-01
5.375698508433415235e-01
5.258931808024849275e-01
5.168452276601649409e-01
5.429837572751965435e-01
5.222304310969441143e-01
5.450143220033719649e-01
5.277222821249114570e-01
5.408496573713607036e-01
5.197568829858348893e-01
5.373861321549909809e-01
5.324078103207743329e-01
5.305689690139846482e-01
5.460360390012092280e-01
5.327905006794132481e-01
5.647174528308765984e-01
5.465969526107367082e-01
5.268352170727801376e-01
5.392356268092511895e-01
5.257940265342799790e-01
5.399079876409164092e-01
5.410658375744015203e-01
5.324741927579972334e-01
5.472864518891825680e-01
5.501184673109990042e-01
5.634161892550695327e-01
5.324692616087670638e-01
5.484787440712119988e-01
5.243670476943578240e-01
5.439498427248489199e-01
5.468703829015123530e-01
5.356606508366703601e-01
5.410665715102700446e-01
5.344033883774998994e-01
5.266103870501822604e-01
5.330656249058312035e-01
5.446069089270347829e-01
5.395419331080125724e-01
5.442675689903017089e-01
5.504247177185636053e-01
5.368956933037626333e-01
5.509071669680171146e-01
5.354142375972951173e-01
5.423571996087531710e-01
5.449838872511358900e-01
5.410012836230129185e-01
5.491672989587880194e-01
5.307549245281012462e-01
5.295873939524565754e-01
5.463383462254215450e-01
5.451233223237380576e-01
5.501870036635772010e-01
5.351264272003916078e-01
5.447425367611813396e-01
5.393438421990195408e-01
5.488347532307989995e-01
5.428889665356112504e-01
5.404879112884382053e-01
5.251214634090068945e-01
5.268050173452948348e-01
5.181510348625717466e-01
5.443534705534092133e-01
5.471517392223733678e-01
5.377382993168489111e-01
5.390281922844575302e-01
5.491073319298469535e-01
5.509635861303023852e-01
5.314515978354302783e-01
5.142037237064004396e-01
5.488709188354369273e-01
5.274892470416754353e-01
5.374620546914933295e-01
5.413842458847299977e-01
5.284492473490738362e-01
5.278534386454476479e-01
5.368525334214542255e-01
5.369746168231100958e-01
5.399874078130803001e-01
5.292670272607793436e-01
5.298962290047438684e-01
5.489636233600557746e-01
5.386835186463325709e-01
5.623014951185006938e-01
5.312386167735904108e-01
5.237120757372286661e-01
5.410449633236706912e-01
5.499615118916549861e-01
5.267699897965634204e-01
5.352005684335617852e-01
5.365999939204791902e-01
5.424791521576927122e-01
5.404868847470657434e-01
5.364958933867144397e-01
5.388006818652945062e-01
5.332248604738191178e-01
5.475966681104383893e-01
5.215618036759901432e-01
5.264743867019975321e-01
5.256588311119668733e-01
5.339633205252707349e-01
5.341691977406712866e-01
5.593348625486650461e-01
5.290475531202580850e-01
5.471113473353811374e-01
5.247677528699702387e-01
5.317470520485332308e-01
5.255030776031434092e-01
5.396397127481413758e-01
5.337394573813400989e-01
5.411903394723640570e-01
5.460871239126910970e-01
5.319437474608622596e-01
5.497694876039205258e-01
5.484973338019691891e-01
5.487346088647520048e-01
5.437497254892197374e-01
5.367130177680993208e-01
5.375530424685216468e-01
5.347488328713747574e-01
5.396269833515171532e-01
5.337734708391278504e-01
5.442343717765375510e-01
5.396711955745622236e-01
5.281227025736824343e-01
5.189466256452921478e-01
5.310528983835874905e-01
5.385743224544918828e-01
5.514003043878310528e-01
5.429107993261964582e-01
5.329656273909301190e-01
5.405553055126923745e-01
5.537739550145852618e-01
5.292035762570671542e-01
5.398836795027580626e-01
5.482480284936795956e-01
5.368509952140756436e-01
5.401867363798974475e-01
5.464206711777686021e-01
5.551546891070847645e-01
5.379994308435913641e-01
5.201787365071162128e-01
5.480043491062394079e-01
5.300662502392888831e-01
5.403426753009430428e-01
5.273255577831050811e-01
5.326857657876348240e-01
5.253988063617426318e-01
5.395681092520075994e-01
5.360583544701823522e-01
5.385049471299652168e-01
5.377936324239718235e-01
5.293567198728098555e-01
5.236526860175317877e-01
5.352388596244115337e-01
5.232480703201441985e-01
5.445855591823270947e-01
5.375132674155433943e-01
5.435015289399013350e-01
5.299501005744643445e-01
5.400349201278941136e-01
5.557463461811447125e-01
5.444450046451296821e-01
5.336325393730383393e-01
5.465330275988808939e-01
5.490515618998643710e-01
5.455986019527497843e-01
5.374262166388517059e-01
5.492521369728026182e-01
5.304895710661661212e-01
5.223465179220250221e-01
5.408576945523281276e-01
5.251636714425040875e-01
5.207110099491939481e-01
5.440019823527787457e-01
5.306760868912994145e-01
5.206816082621225084e-01
5.312314056507002613e-01
5.262100843281617424e-01
5.290452726290578722e-01
5.415779191951429761e-01
5.441407869438047440e-01
5.358333389979342831e-01
5.382170741872625008e-01
5.451667732928400234e-01
5.273928036229487137e-01
5.442368143471898456e-01
5.274516263841241281e-01
5.313608386542491013e-01
5.346029105588449015e-01
5.384610196613675015e-01
5.412658084965813465e-01
5.363483155846355821e-01
5.371827553788989240e-01
5.444464722534938517e-01
5.444924486581309564e-01
5.263736649988269845e-01
5.322362605001925706e-01
5.403530773034318502e-01
5.148167446979596829e-01
5.475509723561563513e-01
5.270972170558595460e-01
5.428560494849575813e-01
5.555856057594946718e-01
5.384730193700333345e-01
5.302223373333700973e-01
5.546660388141559928e-01
5.413966947785909811e-01
5.314728565930084692e-01
5.377387276772215285e-01
5.333282718031555625e-01
5.233250115766748811e-01
5.332131805804439795e-01
5.173886640301129658e-01
5.482779564826645302e-01
5.440287502225317207e-01
5.211924361139821382e-01
5.293100264831417379e-01
5.450368659608014754e-01
5.233994553718740450e-01
5.365699111754914652e-01
5.429264210419627590e-01
5.431628215880109911e-01
5.371799314766740885e-01
5.436175812897080517e-01
5.181895174641820701e-01
5.244758419672791439e-01
5.597348393888678109e-01
5.297346712999413398e-01
5.332131805804439795e-01
5.328735702189860701e-01
5.389071034158515738e-01
5.160101488856808638e-01
5.478756101885751129e-01
5.398952582034944880e-01
5.359424175553699765e-01
5.309755572199836848e-01
5.371184930274949254e-01
5.260834940262080206e-01
5.458727573475888883e-01
5.289629038034296959e-01
5.324885359459270440e-01
5.509464413136963001e-01
5.494716150621361539e-01
5.354258788920716050e-01
5.277253077345988030e-01
5.332131805804439795e-01
5.379727187570985114e-01
5.388093441748306178e-01
5.384735703163487930e-01
5.338574950016250487e-01
5.355096839334625436e-01
5.424781893685741707e-01
5.262558769805375514e-01
5.209272091989075593e-01
5.261227685072710214e-01
5.490979463561664886e-01
5.429656766066646156e-01
5.255573387078683600e-01
5.248867551487857996e-01
5.434644706390057145e-01
5.407665202454104980e-01
5.335153942121776405e-01
5.272423912886362585e-01
5.307214302808928030e-01
5.230325046336744554e-01
5.355538603818870147e-01
5.378920342805117993e-01
5.415176765426041872e-01
5.372443945886926642e-01
5.376486222189053032e-01
5.380311640780153226e-01
5.411115187424336836e-01
5.327799127284693625e-01
5.322265550099523068e-01
5.276976891254059332e-01
5.390627991024591337e-01
5.315610574232021435e-01
5.098909009071366238e-01
5.225485014671071848e-01
5.260886802775228688e-01
5.367007337906783970e-01
5.363086826780200100e-01
5.371785114104402625e-01
5.294828674573591742e-01
5.410068700354622173e-01
5.261153266069928947e-01
5.254252112803060593e-01
5.317670065406392421e-01
5.451867816405975287e-01
5.311494907497162909e-01
5.458936463237828995e-01
5.481403581429683536e-01
5.292504636478216895e-01
5.411524338934319278e-01
5.428511188385679587e-01
5.418934172400827753e-01
5.438638604904569851e-01
5.241367614004533992e-01
5.344785419969372287e-01
5.278173592188590835e-01
5.255725043805600238e-01
5.381931184345492003e-01
5.225398663722871095e-01
5.419775339469389275e-01
5.428580969100493814e-01
5.251300024042162562e-01
5.329892060156603550e-01
5.279618511218577837e-01
5.384742297288930279e-01
5.301410284787150262e-01
5.360467154368701026e-01
5.553015965223576655e-01
5.290099815937195915e-01
5.201631417053057538e-01
5.288003189526535586e-01
5.296411521060108152e-01
5.401196756093198381e-01
5.388727063019880248e-01
5.492129408040141714e-01
5.477200409761612265e-01
5.232331865820497585e-01
5.523516915375816794e-01
5.428768227243293554e-01
5.503108958370170889e-01
5.249776087083064535e-01
5.344839162761876317e-01
5.315035499314968437e-01
5.269781817685872394e-01
5.306062705541527702e-01
5.303415995057425558e-01
5.341996119806429189e-01
5.368617351645791347e-01
5.031704041869340394e-01
5.460322236452177513e-01
5.294466541194233766e-01
5.283949720523574145e-01
5.221770461816503950e-01
5.521283497750931746e-01
5.375667940789706778e-01
5.391493029728766651e-01
5.460782122359328916e-01
5.553818091911646437e-01
5.225602163950747725e-01
5.318564745402082350e-01
5.493603390378311024e-01
5.221806863407509880e-01
5.338255884611520230e-01
5.336029906396769773e-01
5.421159445744679894e-01
5.308084842382732038e-01
5.300459140734534724e-01
5.439859980962568065e-01
5.540458824603305965e-01
5.410386556362868360e-01
5.307341903904281288e-01
5.334962271550789392e-01
5.435577463683221033e-01
5.187421253923976128e-01
5.189358029831530050e-01
5.373562001795632037e-01
5.439410754016140714e-01
5.281489068039267876e-01
5.307601834056878687e-01
5.426554727531860411e-01
5.389893478020294504e-01
5.406053617056173488e-01
5.292363531365155138e-01
5.421063444325323610e-01
5.494310731039424578e-01
5.280821433983409197e-01
5.262722136334246903e-01
5.452783255970099496e-01
5.509063916871771438e-01
5.331842239143617102e-01
5.322522755934068206e-01
5.427065299313157398e-01
5.233170541083685956e-01
5.304867489280691295e-01
5.312595728848307219e-01
5.499253694318632091e-01
5.479475565300252482e-01
5.279952895612260999e-01
5.262270785550142715e-01
5.379019435902077095e-01
5.365658172358027667e-01
5.485022340663983087e-01
5.411000819839256737e-01
5.338043098723196378e-01
5.446632644835462944e-01
5.454815432277368981e-01
5.344936772143202841e-01
5.400301174098655066e-01
5.300150505651832766e-01
5.195871718671798423e-01
5.429861796641354266e-01
5.233207395843025855e-01
5.359788146365105366e-01
5.522388163156455310e-01
5.261837992312144996e-01
5.455719622800231372e-01
5.320756009199975045e-01
5.353889378543793542e-01
5.430610282279968448e-01
5.542810482348227152e-01
5.332659883585402216e-01
5.298770498300711118e-01
5.368346807984909486e-01
5.396165388491640513e-01
5.489523845442468852e-01
5.343888159146084060e-01
5.290888331846740344e-01
5.466151840338032697e-01
5.320138611542696294e-01
5.264588373479427430e-01
5.532032150941594839e-01
5.335496716116462368e-01
5.197202947242346438e-01
5.484111782405827196e-01
5.436482597820345708e-01
5.476414566163182451e-01
5.420779381076343828e-01
5.252112142827939367e-01
5.345716961008581958e-01
5.494328419882928971e-01
5.310224531228366907e-01
5.355333019698239605e-01
5.568618200582494682e-01
5.332791953671803808e-01
5.280674150059628813e-01
5.393354150398901314e-01
5.392426033744177616e-01
5.276711709962500496e-01
5.442805579509081282e-01
5.376221620320873473e-01
5.374564231356467880e-01
5.357392784539433128e-01
5.366336052219047303e-01
5.478560826458188648e-01
5.464589768471604936e-01
5.220796826447403616e-01
5.518599229081649904e-01
5.405034092647748034e-01
5.216208038213769882e-01
5.310123208360005842e-01
5.221860400316865602e-01
5.263701625776894266e-01
5.357184845828102393e-01
5.289803605244843832e-01
5.268816593104046486e-01
5.367797582732234396e-01
5.281047429933344306e-01
5.475884161549463558e-01
5.322799149985651956e-01
5.443414999570584945e-01
5.294055741357661660e-01
5.327737351905644791e-01
5.416968394610386373e-01
5.483971834661770517e-01
5.481174064113122357e-01
5.148678377653262972e-01
5.445313687041185569e-01
5.303615047891034884e-01
5.436619248362751788e-01
5.375406653906156240e-01
5.459721619369451995e-01
5.439285919398568758e-01
5.327823453600535331e-01
5.368194265084991201e-01
5.341352787306576921e-01
5.354079337199987298e-01
5.278942649342015514e-01
5.337725952375520500e-01
5.301300267998382276e-01
5.306510466694199790e-01
5.361658083357836446e-01
5.373484538615957984e-01
5.419508656279927727e-01
5.325255036058159641e-01
5.181379714147564819e-01
5.411570742625977370e-01
5.131845519060932448e-01
5.305242482792003056e-01
5.365365981948496676e-01
5.458660063086842040e-01
5.372527514987752717e-01
5.362891751770574311e-01
5.359319720350792515e-01
5.481104238267422435e-01
5.598999167085625395e-01
5.200285217337400345e-01
5.248800782394884568e-01
5.347100653887784105e-01
5.385755900528697016e-01
5.192318881697678412e-01
5.297601645689719030e-01
5.290983549195067415e-01
5.319151844207866686e-01
5.273232981436652977e-01
5.473368558122471139e-01
5.286772230374031656e-01
5.375814245703018912e-01
5.287802309955959013e-01
5.334629039158517161e-01
5.116312680337817831e-01
5.438888946274188507e-01
5.221641925971665099e-01
5.313374892033280172e-01
5.336102821535233520e-01
5.168122143748564712e-01
5.404949570578664320e-01
5.403136708739990635e-01
5.360568045526009628e-01
5.525347820607613425e-01
5.422484636590286788e-01
5.224166746507851178e-01
5.272640588946466700e-01
5.482454271323711215e-01
5.149611465284220646e-01
5.291181962276439998e-01
5.355200573641355488e-01
5.438779751760011161e-01
5.269180557904470374e-01
5.343172206585101724e-01
5.443555981132313093e-01
5.524347507853393235e-01
5.433720962432868617e-01
5.200193857657784413e-01
5.327968188202898414e-01
5.407376987619961772e-01
5.383917621105510642e-01
5.298984824289564299e-01
5.267035515737612528e-01
5.286532320343441116e-01
5.375019556520062025e-01
5.354228609921394266e-01
5.251918925565947083e-01
5.477084160784165823e-01
5.304336340074344847e-01
5.476514172323670993e-01
5.288356871717294627e-01
5.402167240634468959e-01
5.314717792642046357e-01
5.429791811295827664e-01
5.215953266566131230e-01
5.360704654190181495e-01
5.391866435691099468e-01
5.355535348350608515e-01
5.387637018540193390e-01
5.288552008204234767e-01
5.284311562218578784e-01
5.382130092257225717e-01
5.298612077060972370e-01
5.413384662459554963e-01
5.304870004384634186e-01
5.369311829619186627e-01
5.332294096905070280e-01
5.317946112768280331e-01
5.266882623822840559e-01
5.341838278654873484e-01
5.507445200367485638e-01
5.518734435275668426e-01
5.329189399201645916e-01
5.416213454957231610e-01
5.448086431056461398e-01
5.526452537996295877e-01
5.510630912618017518e-01
5.416231844036354381e-01
5.447665627399306265e-01
5.439706526707440704e-01
5.321262107149292708e-01
5.176275469514107774e-01
5.517863318656804905e-01
5.286039371890102201e-01
5.303284867520609014e-01
5.325860830055189066e-01
5.340116340726622779e-01
5.381706385257141179e-01
5.407454288530659792e-01
5.299531972107756062e-01
5.280996369956995062e-01
5.428969033172308389e-01
5.303798326197046720e-01
5.368290354758941119e-01
5.448059570015149067e-01
5.262120384146186103e-01
5.553061320128276357e-01
5.268399435458281932e-01
5.279165220412648241e-01
5.412912631896185101e-01
5.456307412423362369e-01
5.392712736194154033e-01
5.447775776228711564e-01
5.329381985656603815e-01
5.366689936442035069e-01
5.516003782908149855e-01
5.323607602009382544e-01
5.554768617187394453e-01
5.391943161025083420e-01
5.319301338500600496e-01
5.440327844798059642e-01
5.463662765833177115e-01
5.270199934138366515e-01
5.425994904802781127e-01
5.243201918763642499e-01
5.321309496843855680e-01
5.488138336214021251e-01
5.464053756091827863e-01
5.422486431000304030e-01
5.449919269608944905e-01
5.391322650470999900e-01
5.284634097043593437e-01
5.262707358497840104e-01
5.323221707767461508e-01
5.346590327222889849e-01
5.604864863036589373e-01
5.341506612382973529e-01
5.397785771747596328e-01
5.286543063388822183e-01
5.225268024052996951e-01
5.428451162011851405e-01
5.570540231716210045e-01
5.212144174671301533e-01
5.399709068042742866e-01
5.393650416769005806e-01
5.459527146739358017e-01
5.471346476790541757e-01
5.384741923471350056e-01
5.301668273583153290e-01
5.426464167730828958e-01
5.316842113102411282e-01
5.289030035515696060e-01
5.341579262671579675e-01
5.289476787281329750e-01
5.282936587229899450e-01
5.330830174726718385e-01
5.321477836709523901e-01
5.427500138508702943e-01
5.376551733454754123e-01
5.190815563693421675e-01
5.654784590800739918e-01
5.384083831604291603e-01
5.447097868094722406e-01
5.395100532686522010e-01
5.307296987956766632e-01
5.381663858892510310e-01
5.375060766554285996e-01
5.460262497559934536e-01
5.467609208183739078e-01
5.272284517449810082e-01
5.382422899001845229e-01
5.252057551523702239e-01
5.293015499221073172e-01
5.235244464467825320e-01
5.342595706470572026e-01
5.467092654104815930e-01
5.355743390630778311e-01
5.353330525717939770e-01
5.348326362834814329e-01
5.465737556913137229e-01
5.340444111696601714e-01
5.295171159884088929e-01
5.456750930588727400e-01
5.294121765692818560e-01
5.273270191512836602e-01
5.501821846800230009e-01
5.300282616481621911e-01
5.492516648875006569e-01
5.425970703135114537e-01
5.231585011869755997e-01
5.313536978769322072e-01
5.311854850721887678e-01
5.406199354590914830e-01
5.333180043000127490e-01
5.270666967428654370e-01
5.298760478625711423e-01
5.296552815807781256e-01
5.269096661248180435e-01
5.486175996274852418e-01
5.534348870565296563e-01
5.322213520819186749e-01
5.482488698369614166e-01
5.391397970261569972e-01
5.503173624480220960e-01
5.378040792754928967e-01
5.196823089679998287e-01
5.424658434961387998e-01
5.321605066808098305e-01
5.218444550979511876e-01
5.281774166975578000e-01
5.261402825772346636e-01
5.425383381115733705e-01
5.346877999458111708e-01
5.302453778804486761e-01
5.188102534773024743e-01
5.510746373175750001e-01
5.482917637385427145e-01
5.201342713208434443e-01
5.392180204182613901e-01
5.496639178778550683e-01
5.366606965204568924e-01
5.294013377355151206e-01
5.394074784347323570e-01
5.344016735833601039e-01
5.364353655789748654e-01
5.421710711246896519e-01
5.433877194946195033e-01
5.599381791538369235e-01
5.290459592980042425e-01
5.368292264680840642e-01
5.338746773218162600e-01
5.408505086476801393e-01
5.381971133801755069e-01
5.200727975472788644e-01
5.522315147039889016e-01
5.442271239123491755e-01
5.399655797677659352e-01
5.379457551849137209e-01
5.292221766956982654e-01
5.416606404555794896e-01
5.510704859912350928e-01
