# S'(0)/S(0) in inverse MeV
-4.210612072574879128e-01
-4.167728599056804151e-01
-4.372527147441896966e-01
-4.422224411668341237e-01
-4.383507019891644818e-01
-4.458703781410903177e-01
-4.571362138055096169e-01
-4.662126502498490366e-01
-4.503962165459239331e-01
-4.303374862120263322e-01
-4.455645397232266824e-01
-4.265467467327865858e-01
-4.387500161780070740e-01
-4.250699613269972588e-01
-4.178151448774654608e-01
-4.401325323718618954e-01
-4.500580572065340235e-01
-4.172244611270524706e-01
-4.246814142709876005e-01
-4.319381201847667384e-01
-4.079115593489752167e-01
-4.278728741307613048e-01
-4.323329034369116086e-01
-4.470911471582962871e-01
-4.493314393274723817e-01
-4.320140888524616751e-01
-4.403577903603045907e-01
-4.475947962644761247e-01
-4.740306674419357824e-01
-4.603078998427517221e-01
-4.180164290033350771e-01
-4.280980015022067264e-01
-4.211806856721430625e-01
-4.338484959472833080e-01
-4.369161376635017358e-01
-4.196043146075270069e-01
-4.122715156818795856e-01
-4.587110522666165147e-01
-4.546809494186406231e-01
-4.484000198280111982e-01
-4.499550042279485962e-01
-4.552267514067314114e-01
-4.570215699958751210e-01
-4.335842139750849533e-01
-4.174483218982997790e-01
-4.417555671907434367e-01
-4.123843672494961199e-01
-4.233975343402222591e-01
-4.129174847273175408e-01
-4.395512544359205798e-01
-4.310657157384976124e-01
-4.677221831878140001e-01
-4.097349216983015574e-01
-4.082924542591453432e-01
-4.393901948307121774e-01
-4.287255040461729338e-01
-4.235429421355135782e-01
-4.553094707753292392e-01
-4.273180599652408596e-01
-4.195015562923223307e-01
-4.237413151654491617e-01
-4.546300486161553023e-01
-4.035306762927696189e-01
-4.411773686643054582e-01
-4.482989071773196832e-01
-4.421178975702407254e-01
-4.295396328816081244e-01
-4.085866819115245852e-01
-4.196946326684850015e-01
-4.397870301121667436e-01
-4.304139919772316802e-01
-4.298275472340882253e-01
-4.165749280151243017e-01
-4.264111671992527053e-01
-4.440775157840914367e-01
-4.370938481066354298e-01
-4.330186866794296652e-01
-4.168311144095453447e-01
-4.081379664443622324e-01
-4.239932827953701855e-01
-4.263532915856381722e-01
-4.222360401065785585e-01
-4.431646421569435113e-01
-4.116232706077161962e-01
-4.075231912111774712e-01
-4.629826090484965850e-01
-4.173607515458758743e-01
-4.338778224803054862e-01
-4.150886866713220935e-01
-4.222501778306749776e-01
-4.312248081691157364e-01
-4.212066861113208383e-01
-4.256636921771764781e-01
-4.141186239915988776e-01
-4.080878055622723655e-01
-4.307946321090522779e-01
-4.588534740524091715e-01
-4.198923287060253862e-01
-4.419779651142533017e-01
-4.580878750749078909e-01
-4.380754938913795082e-01
-4.323695115245224097e-01
-4.304945900709855056e-01
-4.231239206333468617e-01
-4.150911636658524695e-01
-4.274890576306459300e-01
-4.187922223333704341e-01
-4.315470224443320180e-01
-4.339723728311682405e-01
-4.128668747863085131e-01
-4.295045221476899155e-01
-4.419788765577504774e-01
-4.020917331160694386e-01
-4.104929862671987673e-01
-4.219453792187513042e-01
-4.449171259578228455e-01
-4.171186935146421471e-01
-4.131548670653513722e-01
-4.194712794525288224e-01
-4.036228243071626753e-01
-4.057758254150028443e-01
-3.997351582502600698e-01
-4.157964168117030956e-01
-4.052417099574476267e-01
-4.386217828423597531e-01
-4.189933992401176921e-01
-4.325746977644748248e-01
-4.336690985283502831e-01
-4.374769231989291129e-01
-4.523832350936412006e-01
-4.472290647101859751e-01
-4.359336216555070864e-01
-4.005225642480484960e-01
-4.252820231751726632e-01
-4.262847311207991208e-01
-4.374725962220869513e-01
-4.086406233417056999e-01
-4.081192231605451637e-01
-4.435675493760574684e-01
-4.180697274590366441e-01
-4.247256551025893057e-01
-4.401400850425671862e-01
-4.160971081070057864e-01
-4.492051056311464063e-01
-4.232212032881467745e-01
-4.293185339933000555e-01
-4.209124211203735255e-01
-4.282628881600498705e-01
-4.206981405657590489e-01
-4.227949953488112089e-01
-4.338182976503821009e-01
-4.289660460190063418e-01
-3.797731677949533480e-01
-4.374808368978522766e-01
-4.238373063734454660e-01
-4.108247588019561802e-01
-4.058910507047523430e-01
-4.119301957850737272e-01
-4.273851373847001867e-01
-4.298466881860837918e-01
-4.397796807975911104e-01
-4.235722340185010260e-01
-4.008118402777597344e-01
-4.285241087755576328e-01
-4.360747781149226787e-01
-4.282519648108271126e-01
-4.569517010648581068e-01
-4.256984055388788879e-01
-4.413138995823668864e-01
-4.157796341689276587e-01
-4.188486062845119817e-01
-4.088282000574289810e-01
-4.162918114270702796e-01
-4.322583404452766120e-01
-4.274424541657390053e-01
-4.412583613573155539e-01
-4.160137671004935922e-01
-4.329781939519989908e-01
-4.356975743790576505e-01
-4.269810496695770063e-01
-4.353945114516038495e-01
-4.098676729940285979e-01
-4.537960596359748022e-01
-4.246544042603193070e-01
-4.335146380065938998e-01
-4.216926807965579171e-01
-4.350224498037593146e-01
-3.999400505515222637e-01
-4.642493275402730935e-01
-4.147810389854063029e-01
-4.291382866947776598e-01
-4.064103600966293972e-01
-3.895867700975517711e-01
-4.098269017552287896e-01
-4.224256945807093877e-01
-4.207045408984891877e-01
-3.900345528446094168e-01
-4.211576932949238627e-01
-4.302745445031201377e-01
-4.252803098500295143e-01
-4.216492613259319455e-01
-4.471890623881439319e-01
-4.001734460571721996e-01
-4.485039577529342791e-01
-4.511398086244015615e-01
-4.346895190510195461e-01
-4.375100690423363026e-01
-4.384076242524068689e-01
-4.291095439198712169e-01
-4.020449103290114068e-01
-4.398475881852393909e-01
-4.415788724791996356e-01
-4.132257326704474321e-01
-4.139122160489130953e-01
-4.362792432726004255e-01
-4.122137315473615726e-01
-4.060003397425119842e-01
-4.389345596736092814e-01
-3.990239074674419850e-01
-4.113481482960433255e-01
-4.251446487789151685e-01
-4.124763920064323797e-01
-4.289923620766230017e-01
-4.364778557290178163e-01
-4.539981238777579531e-01
-4.372653162703887264e-01
-4.291578332175817190e-01
-4.207700481158596073e-01
-4.151240262254516922e-01
-4.211050142800625840e-01
-4.231268389920780360e-01
-4.335348480178045083e-01
-4.210107693573723608e-01
-4.280010991951657129e-01
-4.163014624344823500e-01
-4.201805066113592502e-01
-4.283667733510295172e-01
-4.334734904884112727e-01
-4.169701176727657610e-01
-4.381775002213065817e-01
-4.248453375981963154e-01
-4.120764450217633823e-01
-4.387094771595148046e-01
-4.138880527935224207e-01
-4.289535480870879658e-01
-4.268917276380294057e-01
-4.409084837574864246e-01
-3.940421062434655286e-01
-4.254654277702373255e-01
-4.272885985666999287e-01
-4.278961332534583217e-01
-4.438463557709647067e-01
-4.160649164983805104e-01
-4.245853724083742398e-01
-4.369533601947896417e-01
-4.397086534192936047e-01
-4.278757151086399757e-01
-4.159304237486351474e-01
-4.248295027865667817e-01
-4.258986756605799839e-01
-3.817657623978759629e-01
-4.247020518919725762e-01
-4.253123860476398232e-01
-4.093559108838062954e-01
-4.322871603289659692e-01
-4.445559240002177614e-01
-4.293529158961958969e-01
-4.395842775543241099e-01
-4.176186512689810115e-01
-4.206620154562427105e-01
-4.327634221014330373e-01
-4.096543191055749822e-01
-4.171122619179304936e-01
-4.238132767860356975e-01
-4.224527476634268308e-01
-4.224975782659855517e-01
-4.304417059115154820e-01
-4.031779139934545397e-01
-4.107699911526297987e-01
-4.387452567334201858e-01
-4.382021732910035272e-01
-4.402235931255292223e-01
-4.411723829401221764e-01
-4.404535674124830380e-01
-4.165593577702572103e-01
-4.199114661808484028e-01
-4.315985013001868431e-01
-4.179985808559781857e-01
-4.134394800538231940e-01
-4.617561730232008221e-01
-4.326727665376116083e-01
-4.178298092661626439e-01
-4.196056033734458235e-01
-4.159892122614787247e-01
-4.184286508800870719e-01
-4.253482250756525085e-01
-4.295991996224679532e-01
-4.353997544296536182e-01
-4.233307461474873357e-01
-4.419678102160317645e-01
-4.455913533081673483e-01
-4.386773299605470910e-01
-4.118214781519203838e-01
-4.358821131379388425e-01
-4.167376575677232409e-01
-4.109655706107140372e-01
-4.390386722794296093e-01
-4.388604669945345704e-01
-4.334372527189152557e-01
-4.657277726953554242e-01
-4.180097664620897602e-01
-4.134757228307788246e-01
-4.082589513296329686e-01
-4.435358711563485157e-01
-4.038924120964998976e-01
-4.152428331225451741e-01
-4.302413557893831064e-01
-4.504576514240902774e-01
-4.253737355391489228e-01
-4.112694688176788405e-01
-4.456464004466758611e-01
-4.322261709121339446e-01
-4.433916427468938548e-01
-4.079366898257446583e-01
-4.398712859447264090e-01
-4.561833728404690036e-01
-4.087094057044910467e-01
-4.253083495335401865e-01
-3.933100534838954165e-01
-4.333439243667027152e-01
-4.120427937614128400e-01
-4.112112073024092318e-01
-4.416553678556789930e-01
-4.335669247604267418e-01
-4.648649685689425493e-01
-4.236453958863617419e-01
-4.069334017075182941e-01
-4.326772963038606479e-01
-4.191944693520183729e-01
-4.329226079347287537e-01
-4.127318749535385245e-01
-4.277108718869675474e-01
-4.153485282895891806e-01
-4.042762135041187976e-01
-4.449978783560375462e-01
-4.462882453421355144e-01
-4.251503567639406400e-01
-4.134680321144407755e-01
-4.264539139378624166e-01
-4.191867297906595735e-01
-4.145388103607591801e-01
-4.171535946630162139e-01
-4.399051743134772541e-01
-4.253290389786473780e-01
-4.162838493456178512e-01
-3.829451003772785800e-01
-4.227772805185955884e-01
-4.286670909827722253e-01
-4.266177891599352567e-01
-3.931385628432434998e-01
-4.077158226941676178e-01
-4.279434762568177786e-01
-4.093986869901923842e-01
-4.113368453080444853e-01
-4.338256016993214947e-01
-4.319128996098615669e-01
-4.209182907553880026e-01
-4.102660484540942010e-01
-4.376620105713580067e-01
-4.570717275548153435e-01
-4.056372401953271534e-01
-4.159201559148589245e-01
-4.112561738931206357e-01
-4.404815850740744221e-01
-4.361400931312522933e-01
-4.198789807397823592e-01
-4.312833006057271712e-01
-4.049473367947928892e-01
-4.013843280552644721e-01
-4.242400733905424826e-01
-4.617147534757303773e-01
-4.643030629710424018e-01
-4.443881276229087463e-01
-4.155807262847077133e-01
-4.132552026566371217e-01
-3.980349702226153585e-01
-4.191762604018228200e-01
-4.282769160000712838e-01
-4.380112145049415151e-01
-4.224123221760797131e-01
-4.305885355648684798e-01
-4.096122421054598228e-01
-4.299398114275861382e-01
-4.211563824382833499e-01
-4.026769976203047330e-01
-4.239762582096903154e-01
-3.976507898238030858e-01
-4.347705999769605478e-01
-4.516651443888258233e-01
-4.252368753115237654e-01
-4.366983734342519408e-01
-4.212184056964771162e-01
-4.457798791970322694e-01
-4.151086159330161229e-01
-4.484468061000655426e-01
-4.114964324782744987e-01
-3.965318185800034700e-01
-4.138249372050349373e-01
-4.577821313278740423e-01
-4.486348053516158174e-01
-4.215602170300715712e-01
-3.876456371795115041e-01
-4.115529118037236089e-01
-4.013938631340921992e-01
-4.070332938732190708e-01
-4.568910944686251363e-01
-4.102206204827177349e-01
-4.091450147126124981e-01
-4.068666077097458644e-01
-4.302502476435537959e-01
-4.433390717324161012e-01
-4.365746370769901241e-01
-4.053979931089525812e-01
-4.272497076855714115e-01
-4.309980149669634941e-01
-4.252372770908638411e-01
-4.063451053891228848e-01
-4.112707955439313112e-01
-4.140394847330463590e-01
-4.141973323102963733e-01
-4.030007844167561304e-01
-4.275138686401604993e-01
-3.856274278233829955e-01
-4.369576438443871225e-01
-4.259437596945294668e-01
-4.381551056661918686e-01
-4.127524978005323586e-01
-4.420685457540590169e-01
-4.299144148408413080e-01
-4.226070387233651915e-01
-4.303352363561092631e-01
-3.909064313012541314e-01
-4.334520084660317130e-01
-4.416750288600898577e-01
-4.201378509588427068e-01
-4.302559674904145592e-01
-4.256265824634765660e-01
-4.166953956741174525e-01
-4.262040384549652949e-01
-3.934591941997690467e-01
-4.051992552095826650e-01
-4.166954750769981675e-01
-4.325293612695873535e-01
-4.255956061424908676e-01
-4.343640794971824759e-01
-4.232661747568735588e-01
-3.963181108072572068e-01
-4.262459790499119050e-01
-4.153264078818084126e-01
-4.330139688339501025e-01
-4.461091896231487719e-01
-4.315452711531105323e-01
-4.084059092307509853e-01
-3.939387051233847470e-01
-3.999500912111054185e-01
-4.237816466943858940e-01
-4.012407263610722752e-01
-4.391445998679155416e-01
-4.200444829007987102e-01
-4.155355258637761784e-01
-4.213112535111605550e-01
-3.983103853963911867e-01
-4.213586745516917920e-01
-4.288700930738953976e-01
-4.062898608753295338e-01
-4.376465151656204755e-01
-4.120423906839126849e-01
-4.300207279508934111e-01
-4.349340561265646610e-01
-4.133269124497802594e-01
-3.961320421422737104e-01
-4.264373196590056092e-01
-4.179450426926996087e-01
-4.412355470058373919e-01
-4.337085210011277780e-01
-4.434523928743567822e-01
-4.077440779855113218e-01
-4.269400802587224319e-01
-4.156786414448672695e-01
-4.013618184239282072e-01
-4.475698463949109862e-01
-4.346556355616765233e-01
-4.311574313077862763e-01
-4.085548873926149183e-01
-4.230676735928071697e-01
-4.191928740528205188e-01
-4.052724974609025477e-01
-4.354704367683058797e-01
-4.553440680798885309e-01
-4.273086268426971590e-01
-4.220586223244524593e-01
-4.445552310639130367e-01
-4.404165053546929554e-01
-4.278616752648275456e-01
-4.166543806898462265e-01
-4.161741090847439484e-01
-4.359440258039500304e-01
-4.224182778812365924e-01
-4.174886371855253131e-01
-4.406374585893787499e-01
-4.185162520058792190e-01
-4.516256131852450784e-01
-4.380576027028226238e-01
-4.359873818143312763e-01
-4.369169235934396989e-01
-4.003385947456363780e-01
-4.225311519536253391e-01
-4.235183882139596512e-01
-3.964225241438960601e-01
-4.163839584173840147e-01
-4.050434482108643541e-01
-4.252634017822567447e-01
-4.099906220785366484e-01
-4.171448959701067327e-01
-4.160176080754278138e-01
-4.266680570232223579e-01
-4.121401303815701023e-01
-4.127819615085766003e-01
-4.120708782730700404e-01
-3.916420411585791461e-01
-4.275803901910880112e-01
-4.248143656114445887e-01
-4.281552768654908192e-01
-4.587187728447151835e-01
-4.248715099263434269e-01
-4.221384741997627477e-01
-4.152908012071950816e-01
-4.581734868804696603e-01
-4.071076949762287844e-01
-4.283511056543577999e-01
-4.087209633067221959e-01
-4.272423076312871770e-01
-4.601309039598018291e-01
-4.092024625244124469e-01
-4.244012514276714332e-01
-4.673400582243931733e-01
-4.032699705115525002e-01
-4.164085314200785537e-01
-3.948598233904302424e-01
-4.381547901376684484e-01
-4.005943585658580663e-01
-4.338336782208839781e-01
-4.475570292183312926e-01
-4.243849189056972948e-01
-4.261691811432822274e-01
-4.209514436975273499e-01
-4.153780151086087780e-01
-4.119609213219562749e-01
-4.359299230099424327e-01
-4.466092445711130621e-01
-4.375718316857306056e-01
-4.671191504465515565e-01
-4.186166706382360991e-01
-4.217745074670279370e-01
-4.055240742998907910e-01
-4.199165233709532541e-01
-4.313400465774653858e-01
-4.022114435643950325e-01
-4.344065737695587681e-01
-4.242833076173503359e-01
-4.004009238641133006e-01
-4.033524939513504770e-01
-4.428387792452770921e-01
-4.276864825580171114e-01
-4.062660886125008530e-01
-4.454066104470746912e-01
-4.237253028264968968e-01
-4.291486970148443714e-01
-4.224283738166285662e-01
-4.144484711701466595e-01
-4.513368710898734704e-01
-4.395448369237504038e-01
-4.111096218499962762e-01
-4.278306716319423830e-01
-4.082953501924653228e-01
-4.269200519751844558e-01
-4.346913453338739908e-01
-4.345037870193283469e-01
-4.108123471525418902e-01
-4.045970324252585182e-01
-4.094703251534434485e-01
-4.520391650665765426e-01
-4.280757586005548010e-01
-4.234048413997447691e-01
-4.156773366683326754e-01
-3.965281396653893564e-01
-4.313741675672366216e-01
-4.320581040331105127e-01
-4.367719823880656382e-01
-4.216486038335705566e-01
-4.234716595432002073e-01
-4.253114529165193947e-01
-4.467201606501517985e-01
-4.254948526860872771e-01
-4.073347312654023722e-01
-4.216771703697095308e-01
-4.106304475253511610e-01
-4.156994724872270508e-01
-4.096821363397930571e-01
-4.101488918410768347e-01
-4.284166589206483411e-01
-4.182365583934132269e-01
-4.049912063872173618e-01
-4.395186833010374383e-01
-4.041243728785037792e-01
-4.175565950906021118e-01
-4.178398739838626308e-01
-4.277757292781488863e-01
-4.069540470474799498e-01
-4.058041233517964974e-01
-4.042238764246895433e-01
-4.016271994435999804e-01
-4.539020796120750711e-01
-4.018761199235706405e-01
-4.202424898374750861e-01
-4.358855905801012343e-01
-4.183105653939141466e-01
-4.277142672550853786e-01
-4.495624140774956978e-01
-4.188841448321969363e-01
-4.308331093479795260e-01
-4.204085369847591069e-01
-4.322832867606805629e-01
-4.388890375892357532e-01
-4.312399319178435997e-01
-4.474984727867147294e-01
-4.364174186939298039e-01
-4.127851347284439143e-01
-4.044746015791984006e-01
-4.347998825485527852e-01
-4.133884942798730644e-01
-4.451555235497766660e-01
-4.067954695709706248e-01
-4.223217008107397752e-01
-4.396645258046108506e-01
-3.933603162301119172e-01
-4.441010777261316655e-01
-3.978813557691802671e-01
-4.233507887829496830e-01
-4.203401899505668782e-01
-4.378335775647880790e-01
-4.305139773251016044e-01
-4.210193108199735690e-01
-4.548699068286266578e-01
-4.187728918164331238e-01
-4.587730112400104088e-01
-4.292703339469094437e-01
-4.333687493730020712e-01
-4.542072277633334432e-01
-3.703514917126043970e-01
-4.225831660321741068e-01
-4.206097999178746161e-01
-4.140157446322634271e-01
-4.153182084946461794e-01
-4.546499084232330512e-01
-4.542146798272349018e-01
-4.280716975615466713e-01
-4.232295266544913170e-01
-4.307074661920433645e-01
-4.330631037651426207e-01
-4.240935261387011046e-01
-4.366497869720223357e-01
-4.163225667125693419e-01
-4.404287017488397460e-01
-4.392661478328148683e-01
-4.494828865224385073e-01
-4.555211480267364332e-01
-4.293308959169417349e-01
-4.304313092694407317e-01
-4.445685962918165535e-01
-4.229237912513642561e-01
-4.283046196103906245e-01
-4.444099275806119298e-01
-4.564693104172086180e-01
-4.313706651874251730e-01
-4.366168447814032794e-01
-4.255803170331125540e-01
-4.201240018198200699e-01
-4.299563882999923314e-01
-4.237208958082203103e-01
-4.373715235024807635e-01
-4.570239268191295667e-01
-4.218347778271661075e-01
-4.468544384483706944e-01
-4.167720940567953836e-01
-4.174395513959480164e-01
-4.381724493213418059e-01
-4.264571160035869890e-01
-4.216407993054739345e-01
-4.180956771964934870e-01
-4.121132038010364984e-01
-4.501038523893016174e-01
-4.311036105972372856e-01
-3.990051748835437562e-01
-3.867527993025824395e-01
-4.242870273974390649e-01
-4.369249313550911951e-01
-3.868787764476815938e-01
-3.644386572379436640e-01
-4.246021546434380345e-01
-4.420110909569043289e-01
-4.335576035343033929e-01
-4.373636058823935913e-01
-4.199513296573467169e-01
-3.940138895058757362e-01
-4.039454341045127794e-01
-4.495292644350138977e-01
-4.584729758558387380e-01
-4.163843854115602539e-01
-4.457400269205740173e-01
-4.299237043005638692e-01
-4.110934884973193038e-01
-4.716809526959938048e-01
-4.037412363928476466e-01
-4.166679003174529883e-01
-4.342666100035473820e-01
-4.647065996183010750e-01
-3.994500352594754222e-01
-4.325387277903035566e-01
-3.921393598023145133e-01
-4.323248993510334093e-01
-4.238351777350746197e-01
-4.147672317495514349e-01
-4.269472271119400530e-01
-4.259931035898853469e-01
-4.305255952451484958e-01
-4.155351520407076227e-01
-4.084654940864547168e-01
-4.111209492319777281e-01
-4.296018334274422923e-01
-4.240259968171968818e-01
-4.047903487418599844e-01
-4.030126507786139789e-01
-4.446362686401623132e-01
-4.193480893414109345e-01
-4.081884861237980999e-01
-4.144450880845930163e-01
-4.416929389289146468e-01
-4.306564838446920174e-01
-4.382621111882645804e-01
-4.170973447856022864e-01
-4.169764494768672392e-01
-4.609960854471984448e-01
-4.382572388167910171e-01
-4.210184036754112125e-01
-4.152729594914645328e-01
-4.100355469932659980e-01
-4.114524753295440984e-01
-4.242380252470224766e-01
-4.465544948865366459e-01
-4.408875126960012381e-01
-4.261312937753459762e-01
-3.996678949587827989e-01
-4.030206758208518814e-01
-3.993671790251678289e-01
-4.018971696544143546e-01
-4.204639595899752336e-01
-4.323548518872780688e-01
-4.258954073660800033e-01
-4.222029318462746650e-01
-4.354620392229188175e-01
-4.399380380965487447e-01
-4.262666147916512882e-01
-4.064500070203668214e-01
-4.385720416278274247e-01
-4.280695407780580330e-01
-4.206575225528454975e-01
-4.445779024996422968e-01
-4.255921598880217371e-01
-4.110336839207017201e-01
-3.995782425636419943e-01
-4.252280754377750771e-01
-4.054533559946693067e-01
-4.234915167645332268e-01
-3.948381187614923293e-01
-4.047510066453642863e-01
-4.115857192389962282e-01
-4.241243742978394460e-01
-4.322370240071646275e-01
-4.161973798258432611e-01
-3.864606123502671853e-01
-4.302195452031152278e-01
-4.109990935677812485e-01
-4.263068274596413243e-01
-4.220631793240754437e-01
-4.250157735443703122e-01
-3.955948124365490370e-01
-4.347284112889666652e-01
-4.321139706404070746e-01
-4.293297388680738513e-01
-4.452842504570418969e-01
-4.269571568046698906e-01
-4.211205005719813599e-01
-4.322317479205184942e-01
-4.311426033461576157e-01
-4.177411203863241052e-01
-4.394345423488969504e-01
-4.355108057541005051e-01
-4.136030123837885486e-01
-4.307035316699549532e-01
-4.447002736934770883e-01
-4.055248300678918616e-01
-4.207799605219659789e-01
-4.410714349876053708e-01
-4.367046770621303420e-01
-3.879490623052605502e-01
-4.183945804558144577e-01
-4.197677753066674233e-01
-4.376085032946830933e-01
-4.476490289958727220e-01
-4.274318199325741197e-01
-4.321894392330242196e-01
-4.386933317596249937e-01
-4.287474565262843762e-01
-4.011402033485679253e-01
-4.401705692964802963e-01
-4.111586271740469978e-01
-4.261887000199197084e-01
-4.118126054517526335e-01
-4.463304067563423350e-01
-4.345826834218906587e-01
-4.135404527031321664e-01
-4.474530428978787944e-01
-4.334855066006371160e-01
-4.135286520393853249e-01
-4.207642430971215153e-01
-4.066828993946866588e-01
-4.227424237077471170e-01
-4.361583763745918163e-01
-4.311477524733948186e-01
-4.080569072131406405e-01
-4.433680843444909869e-01
-4.687920778516637688e-01
-4.383128281820300454e-01
-4.254124144272199426e-01
-4.590011954908120861e-01
-4.430869799334232750e-01
-4.380430593147528473e-01
-4.248170496782243677e-01
-4.479012412280460320e-01
-3.934199039987507640e-01
-4.148834813347311301e-01
-4.235351825431885597e-01
-4.303185563274190550e-01
-4.279029603452127462e-01
-4.435353317004346874e-01
-4.254035905255167949e-01
-4.348806357966634173e-01
-4.361455624835309242e-01
-4.111170230916947332e-01
-4.141885433797860561e-01
-4.265522997527738669e-01
-4.297559028317672891e-01
-4.350912241974766448e-01
-4.233280400354227924e-01
-4.167384874457865651e-01
-4.342830691207846261e-01
-3.976247381186195917e-01
-4.148834813347311301e-01
-4.124213299219555706e-01
-4.143377510257190144e-01
-3.836593521587916000e-01
-4.564252226682289360e-01
-4.289575332376987515e-01
-4.308514206171795147e-01
-4.284908485957945601e-01
-4.034486283352654579e-01
-4.138270577870174494e-01
-4.454437112482020900e-01
-4.541951067724595004e-01
-4.300707319449872945e-01
-4.302018370959657112e-01
-4.593316248945309987e-01
-4.195317810401896219e-01
-4.343421435333947866e-01
-4.148834813347311301e-01
-4.157592885823743201e-01
-4.156567344407750553e-01
-4.027048149502367447e-01
-4.242877916734075772e-01
-4.428483937351017086e-01
-4.390547744341080083e-01
-4.172362212304344675e-01
-3.859263304053073829e-01
-4.061999482463518607e-01
-4.189852957736998063e-01
-4.306365208704882597e-01
-4.066790590046279186e-01
-4.187274198762109267e-01
-4.332335748027271172e-01
-3.997736081670799080e-01
-4.363070871481136703e-01
-4.034175582589510367e-01
-4.260470837832035507e-01
-4.119077374796580870e-01
-4.433962411086630473e-01
-4.209271380863506273e-01
-4.104606839662347517e-01
-4.237513895052150148e-01
-4.461302578843391320e-01
-4.373667158301490776e-01
-4.297673656437420164e-01
-4.462295362327516335e-01
-4.246075097292294487e-01
-4.075970966555086394e-01
-4.177429582771587935e-01
-4.087621781600052073e-01
-4.157927244821508217e-01
-4.011467545170122606e-01
-4.332651443165291827e-01
-4.043183148016432638e-01
-4.035219885387184013e-01
-4.141473056394131547e-01
-4.038696118392769985e-01
-4.413877587007790093e-01
-4.153718241083905194e-01
-4.082372009960685832e-01
-4.188688241987971739e-01
-4.223905015304564303e-01
-4.083218649963055724e-01
-4.145363625363268634e-01
-4.240787718895576708e-01
-4.155876562138291486e-01
-4.371585907537743343e-01
-4.276725942308473583e-01
-4.341534034498044092e-01
-4.300557337625264265e-01
-4.145215945411853675e-01
-4.379145940221965128e-01
-4.121808331034449435e-01
-4.239501285869732294e-01
-4.303722243699945049e-01
-3.857339220669032676e-01
-4.325745657373823994e-01
-4.198304224411038565e-01
-3.850951566782088165e-01
-4.233036971821992900e-01
-4.073676867506535459e-01
-4.184243140505706782e-01
-4.147197452328358347e-01
-4.454618993098323765e-01
-4.521157839824063718e-01
-3.952134654639312128e-01
-4.065613116662308846e-01
-4.410599777947121769e-01
-4.192929170747510259e-01
-4.441313698728854842e-01
-4.197578252255037001e-01
-4.427334423467906843e-01
-4.068112962477791750e-01
-4.344760661511252176e-01
-4.433321614282930145e-01
-4.327908521508335160e-01
-4.446294129503941539e-01
-4.098453226519016557e-01
-4.287784212174090004e-01
-3.928349499403236411e-01
-4.099476135185321501e-01
-4.242830098081201706e-01
-4.143935951931411732e-01
-4.304747161023409485e-01
-4.353412273870314042e-01
-4.152357949146285310e-01
-4.321872830566895196e-01
-4.157232760365807134e-01
-4.136836398274271742e-01
-3.965177178088697407e-01
-4.553741614634190804e-01
-4.236735594586329423e-01
-4.142421321673913082e-01
-4.238881892469893442e-01
-4.320037689340559539e-01
-4.131839803549743340e-01
-4.291937174582796111e-01
-4.593496538981036159e-01
-4.178304604892096874e-01
-4.064167179827863907e-01
-4.338800622522000494e-01
-4.327533741248666410e-01
-4.420263734406885137e-01
-4.152377186890901517e-01
-4.361792357427843880e-01
-4.398696950992241339e-01
-4.148095241384101017e-01
-4.353835103165786258e-01
-4.281371700807213299e-01
-4.242465356647402430e-01
-4.080433684840634734e-01
-4.083512329414910602e-01
-4.370515416479445747e-01
-4.355657283515912970e-01
-4.469498380117689629e-01
-4.074657559295811748e-01
-4.160639857086338433e-01
-4.481567635135337846e-01
-4.018096677033893283e-01
-4.175486026064675338e-01
-4.346754120063605065e-01
-4.466164397429274735e-01
-4.374139546311540117e-01
-4.284760934816629896e-01
-4.271029468523626638e-01
-4.391615580048204293e-01
-3.979793580887708293e-01
-4.171568978809948591e-01
-4.383385290284619318e-01
-4.158945054745937786e-01
-4.166106091910652953e-01
-4.290603058357347344e-01
-4.266485168639924108e-01
-4.335327787599444482e-01
-4.098849718509469109e-01
-4.331050347438668013e-01
-4.202153865783230802e-01
-4.069705419956875514e-01
-4.248231079301065249e-01
-4.256046869438725455e-01
-4.381166659363676108e-01
-4.458411497729419803e-01
-4.415613093537560374e-01
-4.248313094975044168e-01
-4.023103701542460331e-01
-3.994780173473768126e-01
-4.019729171677317581e-01
-4.262033593297195888e-01
-4.402639766817961209e-01
-4.026421655652698828e-01
-4.136618780882194146e-01
-4.052184100056563931e-01
-4.057574850224769936e-01
-4.009632650871403081e-01
-4.323723671972397598e-01
-4.214479638589446187e-01
-4.505104827659810462e-01
-4.070754355595588292e-01
-4.205261543073584019e-01
-4.441802223486231438e-01
-3.975544635129448223e-01
-4.237035303014985987e-01
-4.532130141031450177e-01
-4.073645021905493713e-01
-4.218906178804108786e-01
-3.961475378738108510e-01
-4.064189442581229161e-01
-4.329617287408827342e-01
-4.420244554907336032e-01
-4.159037164945207921e-01
-4.470274207141293199e-01
-4.177385440779832759e-01
-4.433072643434756155e-01
-4.247701213405850051e-01
-4.006566240483796504e-01
-4.294768479855765597e-01
-4.356253372788401190e-01
-4.013904788802212242e-01
-4.287380776467026311e-01
-3.958427420679772046e-01
-4.451069414646084410e-01
-4.027318348312629581e-01
-4.181945197195106045e-01
-4.110807339228019219e-01
-3.994304062938936473e-01
-4.376167969865710772e-01
-4.248300884652967402e-01
-4.163806249570965456e-01
-4.029715756375483182e-01
-4.127091105084391143e-01
-4.307239508081894819e-01
-4.355309429774735230e-01
-4.030315888325429197e-01
-4.393781979541733218e-01
-4.181503379098823747e-01
-4.199778611938269623e-01
-4.252120661861679696e-01
-4.081794724818867959e-01
-4.251437245826798494e-01
-4.163124198795836173e-01
-4.193021317054316799e-01
-4.157136260552710127e-01
-4.335494921672393143e-01
-4.294312162775869579e-01
-4.326883052667365726e-01
-4.339239952326019445e-01
-4.417609419283625161e-01
-4.021673760706048206e-01
-4.099628699437211643e-01
-4.188702591524733343e-01
-4.289159315558400132e-01
-4.101286363691539205e-01
-4.019117397259018287e-01
-3.987465767071414757e-01
-4.075855767988282308e-01
-4.280380905914167866e-01
-4.272483799318028130e-01
-4.245226980414610329e-01
-4.007874051177739427e-01
-4.369261228048747503e-01
-4.250556843482472535e-01
-4.394275676314495227e-01
-4.465495480283070973e-01
-4.169749729673077887e-01
-4.075943703770834592e-01
-4.039771694603594421e-01
-4.393962392072600642e-01
-4.503117457248816402e-01
-4.025482411351602452e-01
-4.072079839640674326e-01
-4.290695226666405571e-01
-4.222604838105948888e-01
-4.317932021188974900e-01
-3.991812845755678962e-01
-4.244753379087214951e-01
-4.272802901416700161e-01
-4.360143866072140328e-01
-4.320180816192494277e-01
-4.159409852981511002e-01
-4.474281435531590190e-01
-4.420087636812803367e-01
-4.348336915554865123e-01
-4.261576246946544577e-01
-4.143923993433381026e-01
-4.375797721485945591e-01
-4.330361146879779799e-01
-4.192952962076466061e-01
-4.263084057374075253e-01
-4.083163715209616185e-01
-4.083558943275215070e-01
-4.160589044062573683e-01
-4.232601490904318586e-01
-4.190395992808166881e-01
-3.906403654763334621e-01
-3.975053059480196938e-01
-4.429529741532672316e-01
-4.015597747383587435e-01
-4.219585066317621536e-01
-4.331197003996467010e-01
-4.014182203590504483e-01
-4.171658426044045909e-01
-3.882832390695052927e-01
-4.393287566079590034e-01
-4.305613348202570467e-01
-4.136136156021372745e-01
-4.157679885743049697e-01
-4.314124951798469221e-01
-4.266012277479644954e-01
-4.099281344747693345e-01
-4.293875317364022060e-01
-3.905693016613626667e-01
-4.069381462650492609e-01
-4.228142287150903900e-01
-4.252229792814893328e-01
-4.245950494131080499e-01
-4.354473562627089178e-01
-4.393649238349243702e-01
-4.381758567798570425e-01
-4.087453358794704283e-01
-4.080212606977606793e-01
-4.274083751768195105e-01
-4.407964697582267832e-01
-4.246047096943407206e-01
-4.275097394105185633e-01
-4.242124800944868102e-01
-4.233638814369207193e-01
-4.390946055331110265e-01
-4.180463146417923714e-01
-3.968584712041295925e-01
-4.386279455824453888e-01
-4.227908826522951413e-01
-4.572750209208338301e-01
-4.252294456306767723e-01
-4.176628329992624344e-01
-3.863294964714634738e-01
-4.253979993062415588e-01
-4.163226043347695859e-01
-4.288299723638025474e-01
-4.240728724197289079e-01
-4.326728036945059475e-01
-4.274426976243497212e-01
-4.153885053047570719e-01
-4.211448789954315708e-01
-4.280323761411226058e-01
-4.235550405503650806e-01
-3.990912122241485616e-01
-4.152714551121748920e-01
-4.176992159848050279e-01
-4.492350052624917711e-01
-4.118812377524332380e-01
-3.952672836691128455e-01
-4.142981056201063272e-01
-4.309447546008929320e-01
-4.579558449928584629e-01
-4.342900684278160339e-01
-4.351006868538838668e-01
-4.223938592842470530e-01
-4.368229743405425691e-01
-4.432943823047885146e-01
-4.278733507590051777e-01
-4.470158780490586792e-01
-4.439611517007094887e-01
-4.266154422077427788e-01
-4.103842913827804306e-01
-4.410318345833403320e-01
-4.145035881356639029e-01
-4.145453434276162308e-01
-4.199064977781081232e-01
-4.422817439419314267e-01
-4.306432879709009010e-01
-4.564244796980605479e-01
-4.088204253218430950e-01
-4.184038283284573501e-01
-4.205063214699749641e-01
-4.298492739463520285e-01
-3.826842269038392974e-01
-4.258772923732505600e-01
-4.297117108550828624e-01
-4.313978940726054812e-01
-4.589078626581804543e-01
-4.271928687333623742e-01
-4.250596947672180548e-01
-4.475957692965257806e-01
-4.191507787118868289e-01
-4.058523031240481860e-01
-3.858883197074271520e-01
-4.225524177050978269e-01
-4.516233146481530292e-01
-4.320838597409580317e-01
-4.339707193479137581e-01
-4.306233383537206305e-01
-4.113212708593855793e-01
-4.282705456273835365e-01
-4.214980959496369417e-01
-4.325398386681504337e-01
-4.169411187544631026e-01
-3.979923059299926846e-01
-4.429143763676138268e-01
-4.291443600275905990e-01
-4.296113683919156601e-01
-4.242900210935642291e-01
-4.231456253684882651e-01
-4.273198510653327120e-01
-3.990405027283406847e-01
-4.123045874054750426e-01
-3.959331724018920196e-01
-4.300601971979044480e-01
-4.447947771249681215e-01
-4.320221895623485020e-01
-4.247638143828495472e-01
-4.039212603042232064e-01
-4.308180834389250258e-01
-4.125413727514513074e-01
-4.317429852164095805e-01
-4.221524479615302305e-01
-4.110524507080278167e-01
-4.336999078016545717e-01
-4.083518610763559598e-01
-4.441555243135885123e-01
-4.353949590746807874e-01
-4.096375028825759435e-01
-4.239330435544233500e-01
-4.154916072983394493e-01
-4.016691094476511625e-01
-3.971852741203359405e-01
-4.110868177731106798e-01
-4.259132855694486852e-01
-4.321652722066938734e-01
-4.211033474160481571e-01
-4.309638801165815991e-01
-4.530881546462215415e-01
-4.133068763960322523e-01
-4.426631657656376340e-01
-4.410571337634249245e-01
-4.476927687919721732e-01
-4.175333300453260010e-01
-4.183769455830441686e-01
-4.252089097759515490e-01
-4.271148764098388617e-01
-4.241787689385806970e-01
-4.325708363971988435e-01
-4.141114640768205901e-01
-4.208804887158348329e-01
-4.297512429796216393e-01
-4.228543375533344584e-01
-4.114274623684032739e-01
-4.373592985661812760e-01
-4.372615477093927394e-01
-4.152270058911101125e-01
-4.259705017803575022e-01
-4.184200644163550975e-01
-4.078898575419202532e-01
-4.196516842603855713e-01
-4.086807530648280951e-01
-4.380687889348702790e-01
-4.240453813659148530e-01
-4.077248464699702035e-01
-4.170712031732925484e-01
-4.406773164884791871e-01
-4.365903704549393693e-01
-4.193784522322650532e-01
-4.188193033179388736e-01
-4.236963967964362809e-01
-4.282900670222820616e-01
-4.366407961680208727e-01
-4.167929990611762836e-01
-4.611357815184904951e-01
-4.283828944770505798e-01
-3.923942202112430944e-01
-4.006403291973068548e-01
-4.448805952087735993e-01
-4.233939570906756766e-01
-4.167475461109036994e-01
-4.224781221868229575e-01
-4.578050949965101757e-01
-4.503726652249177009e-01
-4.173616270152948893e-01
-4.005554879339393026e-01
-4.369017759887929842e-01
-4.299930776250759923e-01
-3.885521096739722458e-01
-4.266053078537899723e-01
-3.960425353577763929e-01
-4.178212133203725864e-01
-4.328845785687949199e-01
-4.290490020297446083e-01
-4.174839679022391281e-01
-4.447912783183775587e-01
-4.432146175564738999e-01
-4.083831417776491168e-01
-4.368565425205265806e-01
-4.456033680054023449e-01
-4.141286254034228231e-01
-4.128505432076146064e-01
-4.242687671840685848e-01
-4.198609924548912242e-01
-4.200558856459180035e-01
-4.471344853035213451e-01
-4.298602080849317497e-01
-4.206882309992946434e-01
-4.236723272833954335e-01
-4.307230741385845718e-01
-4.057090407633717755e-01
-4.293852865694396947e-01
-4.375010517380650277e-01
-3.997155200931252206e-01
-4.155835418523817770e-01
-4.185228544960374886e-01
-4.301428128304515264e-01
-4.189216503961264437e-01
-4.157033080935952363e-01
-4.360437139433338549e-01
-4.199678003890812139e-01
