# Branching Ratio
3.983319884774089159e-01
3.984787468168096147e-01
3.907491482348489642e-01
3.875883178539721308e-01
3.879296756542938152e-01
3.960283303782797804e-01
3.971953131885340160e-01
4.153473714564426822e-01
3.958955368724342283e-01
3.906136072407973003e-01
3.940839490506720111e-01
3.897973777528256356e-01
3.904984969585610921e-01
3.791799227471982503e-01
3.955902770716573924e-01
3.971777314627760735e-01
3.982500207467728481e-01
3.939774515810324784e-01
3.959819175634687327e-01
3.886205034917972201e-01
3.987500249481676362e-01
3.952114524291651665e-01
3.941918054250364012e-01
3.879012308912903051e-01
3.876307659942817008e-01
3.970573339240393018e-01
3.876040908233978066e-01
3.980151911716395263e-01
3.978379355086150149e-01
4.090389062980558377e-01
3.973263566257242418e-01
3.862874618991323228e-01
3.923530109827810808e-01
3.959319504738475493e-01
3.967959671582320658e-01
3.884614292902139887e-01
3.955071237737179946e-01
3.919096135709819739e-01
3.923190734616722741e-01
3.912309319754944115e-01
3.900297965405243872e-01
3.889898497130664379e-01
3.808847567789071520e-01
3.916752580557724128e-01
4.016852288779565461e-01
3.930661837946043957e-01
3.784563440906104637e-01
3.921474064710336882e-01
3.836057953416932009e-01
3.981781394763492798e-01
3.927884958235157153e-01
3.852257706922551095e-01
3.902466203695865166e-01
3.921033970332539753e-01
3.892059687288836889e-01
4.015451477900109922e-01
3.986740791961566055e-01
4.024706922116110253e-01
3.913132209174681186e-01
3.895324765033412184e-01
3.912900557487891118e-01
3.925591339221439768e-01
3.932344937468792989e-01
4.028748250890698546e-01
3.982564508628735900e-01
3.907582309355077110e-01
3.868467174056482438e-01
3.903793610207191289e-01
3.924161636093711492e-01
3.889516153612283533e-01
3.870345622674681851e-01
3.979702564886434812e-01
3.973644301843591853e-01
3.961060774275174112e-01
3.896921351974361181e-01
3.958007781928585822e-01
3.903763903480207964e-01
3.924043322996688121e-01
3.938556359954106245e-01
3.872009640462487634e-01
3.904324185169524841e-01
3.990781813167519898e-01
3.955129002884847367e-01
3.925585912280312728e-01
3.914929888764829835e-01
3.975435850409698157e-01
3.809370335834398880e-01
3.973608864505246419e-01
3.927424851266735906e-01
3.874850076087815731e-01
3.915967520627360310e-01
3.966158793773467695e-01
3.966544129564378296e-01
3.894684894384813911e-01
3.963986315242971625e-01
4.001511015096918533e-01
3.910332586438011737e-01
3.821475761485812472e-01
3.949936354508125080e-01
3.973160774595586586e-01
3.906877726679309770e-01
3.862096714599793090e-01
3.916310586872485677e-01
3.959881262317600514e-01
3.870544214156778628e-01
3.854550296873784365e-01
4.022958431461354234e-01
4.002915557271750635e-01
3.872802582766610158e-01
3.911669911012267686e-01
3.945422396786526509e-01
3.975691043557045834e-01
3.887708986824563451e-01
3.902911273939161929e-01
3.796772613707138366e-01
4.024118744761766564e-01
3.941066721697134012e-01
3.947365205224562246e-01
3.951559430970587594e-01
3.975813701882927043e-01
3.825096411742890390e-01
4.005637149370810945e-01
3.913219421405841891e-01
3.997191459738387298e-01
4.011730978824287752e-01
3.977622124168037065e-01
3.830126507247199608e-01
3.967030941081348128e-01
3.824295719674655203e-01
3.953952559637831099e-01
3.958551862018239165e-01
3.835735961942222660e-01
4.028016543833776164e-01
3.865528029214448935e-01
3.914754840875482866e-01
3.928917951307649425e-01
3.886777932913620393e-01
3.867874700877859118e-01
3.868093475306824680e-01
3.913255034605924165e-01
4.035662289488350929e-01
3.896722041571381578e-01
3.861536579520052359e-01
3.917639039700448467e-01
3.960773884258796396e-01
3.943776301336429091e-01
3.931736561324699619e-01
3.888569865883432231e-01
3.984169567336687812e-01
3.918574822380939682e-01
3.958840261690595996e-01
3.916580633136234613e-01
3.897643340793031652e-01
3.910876285577753464e-01
3.848971474367455792e-01
3.815856219256500426e-01
3.960381145508002909e-01
3.977963868827487093e-01
3.908898260976645944e-01
3.976240773940372675e-01
3.944290705557643162e-01
3.941259351309327474e-01
3.908275660053891487e-01
3.899811561599687559e-01
3.910573448175495015e-01
3.836942391935868057e-01
3.874087588866194087e-01
3.809422077028629117e-01
3.757607150842268706e-01
3.932224153340037054e-01
3.920250075957461000e-01
3.987321505249681319e-01
3.857922843281778036e-01
3.899631533053253829e-01
3.970595579508837125e-01
3.914829206876501710e-01
4.008948970412816171e-01
3.943495056379298647e-01
3.875178203728665283e-01
3.811348568199808828e-01
3.947782281818856265e-01
3.938982701361618544e-01
4.012528777954609827e-01
3.912156377362449589e-01
3.851167459674925131e-01
3.826689407437717239e-01
3.923702604253920256e-01
3.837791864118706431e-01
3.969918805915463311e-01
3.960705466243415462e-01
3.970339948406137465e-01
3.886988351158671140e-01
3.914013019862903620e-01
3.992669649738360693e-01
3.822347373120719705e-01
3.912627440006084534e-01
3.982884962297796871e-01
3.972401407982754096e-01
3.796463697676983329e-01
3.975337823343401134e-01
3.900799761230158147e-01
3.968783833296122276e-01
3.827905502772480095e-01
3.981562958037568878e-01
3.814599274701744869e-01
3.944432603439618212e-01
3.868240155470903385e-01
3.833957338776364798e-01
3.924545211069911943e-01
3.862252848387055515e-01
3.953827123716349701e-01
4.041290706196392080e-01
3.902918409027977820e-01
3.937358233675104513e-01
3.959308800822977092e-01
3.917065458459024763e-01
3.848752364673428406e-01
3.908993468909480740e-01
3.967684276535360377e-01
3.873711769419374007e-01
3.950216838679362907e-01
3.834050416196697064e-01
3.878607779294678815e-01
3.952948320664140258e-01
4.026008194404525065e-01
3.978826127447308569e-01
3.929778602410616273e-01
3.917110581779852940e-01
3.873497290444307128e-01
3.943661339104349017e-01
3.979453777381140589e-01
3.842826014427085934e-01
3.777182106843830489e-01
3.774419210686542625e-01
3.808160858793993575e-01
3.907261708801590960e-01
3.897772673489937612e-01
3.950291767375502250e-01
3.917607788208726238e-01
3.809826417411755206e-01
3.927587555321656043e-01
3.919448116899181267e-01
3.782121925127572282e-01
3.892337826472290208e-01
3.946616154711491964e-01
3.947248335550340159e-01
3.844528019683325359e-01
3.989901177198708071e-01
3.958130682093535246e-01
3.931907364420400564e-01
3.900698356400824629e-01
3.874058824008339563e-01
3.879716563580344335e-01
3.884480936616631630e-01
3.958531530254584818e-01
3.835478129946124359e-01
3.835708108471407307e-01
3.930960516912024305e-01
3.921510025132790012e-01
3.924048327494280564e-01
3.889495079579158854e-01
3.944036154265068150e-01
3.887698406889795733e-01
3.834437896215642239e-01
3.950036909640763927e-01
3.987522572161670831e-01
3.966654847422926289e-01
3.929619046309255626e-01
3.958067910884336404e-01
3.906282301806760504e-01
3.884540484779882008e-01
3.832196571746705471e-01
3.866079168776508368e-01
3.841493266978520671e-01
3.940946959567521723e-01
3.913357859143723472e-01
3.992411905271777139e-01
3.909793574176339548e-01
3.840345315130410109e-01
3.915202350695953237e-01
4.028009496931653222e-01
3.947567814027895805e-01
3.995375185295044762e-01
3.970096916217830119e-01
3.900395272571764438e-01
3.910906714908968240e-01
3.763975839103518850e-01
3.888308031523275421e-01
3.950398951181156582e-01
3.929676881184891446e-01
4.067988130541118075e-01
3.944367750903459702e-01
3.848047883542732306e-01
3.884243195992977959e-01
3.940465561685668749e-01
3.991661982809301956e-01
3.905106357749373314e-01
3.975492758487121359e-01
3.865071804390653454e-01
4.002618674595626036e-01
3.908076223837961827e-01
3.930393726381977149e-01
3.915138431925762608e-01
3.978858951089825347e-01
3.913480708907168815e-01
3.788010297267869197e-01
3.924348603918359490e-01
3.917207483690456904e-01
3.754998801094349137e-01
3.845386731352287701e-01
3.989782254101106873e-01
3.998088736558851886e-01
3.998567103433074976e-01
3.950910149510800107e-01
3.982556291518865588e-01
3.954555280754008528e-01
3.909268402290050348e-01
3.985437191585526895e-01
4.045792344341301860e-01
3.973847896740684837e-01
3.942406705057860949e-01
3.927545229437903185e-01
3.884587561896968855e-01
3.849954602460986530e-01
3.889972890651703374e-01
3.930581405907450643e-01
3.921895188719689562e-01
3.974391947224972799e-01
3.883866053601969237e-01
3.931683524598265644e-01
3.936446090051780589e-01
3.907339592684557772e-01
3.883773253168059103e-01
3.930436043308501715e-01
3.949349625891296900e-01
3.886898619164951829e-01
3.852164004773034334e-01
3.903739533850534293e-01
3.881069921095451902e-01
4.026389802884744462e-01
3.877300175799491821e-01
3.857437354121501794e-01
3.951245292025484246e-01
4.088269402672514152e-01
3.877977505783196666e-01
3.999136132064917137e-01
3.880884409446697658e-01
3.812065617727239952e-01
3.907917843912028233e-01
3.899887354625082847e-01
3.912583418173610217e-01
3.963713988214531136e-01
4.053182306890004138e-01
3.998163141732761217e-01
3.971696535588033483e-01
3.957410878851788105e-01
3.856070883281588757e-01
3.942511626263822677e-01
3.871635040624347157e-01
3.999864593956422576e-01
3.995478022173291621e-01
3.909309842205905272e-01
3.897071762462365196e-01
3.871874120311888934e-01
3.925881063608210320e-01
3.921750070302676416e-01
3.906621757101852443e-01
3.897555188561447337e-01
3.979941729399118500e-01
3.866396187610015578e-01
3.880688193588519574e-01
3.866206018395817456e-01
3.903739153558503094e-01
4.009952856167389168e-01
3.825623791932970530e-01
3.986543774621534308e-01
3.827534225217085195e-01
4.011846916290655041e-01
3.870827312080691862e-01
3.883177945631678396e-01
3.896033777077550497e-01
3.943892256060593793e-01
3.893125030764158501e-01
3.859871833265687280e-01
3.962985389988082363e-01
3.980896852455347856e-01
3.883571801749087782e-01
3.902641670950053876e-01
3.874860436936912733e-01
3.938776484125137700e-01
3.949437647700084209e-01
3.918091405168955821e-01
3.899489527486870166e-01
3.936232911637102538e-01
3.911314448806241795e-01
3.834704622551904918e-01
3.933961418301067381e-01
3.900317192128439081e-01
3.888821751479422661e-01
3.988070250511465131e-01
3.884644526852513713e-01
3.847904838922376336e-01
3.888057922205134243e-01
3.972082993435450127e-01
3.924497843770659578e-01
3.842221818253995780e-01
3.962731155679942163e-01
3.908300735346978416e-01
3.924165205425753089e-01
3.913945313302144013e-01
3.871208231534790656e-01
3.929522554445875060e-01
3.955615789324021248e-01
3.821622295908417843e-01
3.919540039955478616e-01
3.862167344429198179e-01
4.005872260479467761e-01
3.936111201079811051e-01
4.059760424477940055e-01
3.833218415630438303e-01
3.837237449528045352e-01
3.944849162964723099e-01
3.817828348266710803e-01
3.817236970593949064e-01
3.972997508676099354e-01
3.899779931517172726e-01
3.912708176313131614e-01
3.949235010879081353e-01
3.891823044445785196e-01
3.912233357587041049e-01
4.021099653319996081e-01
3.914012904171707552e-01
3.933454482531935636e-01
3.801395764545001943e-01
3.893962480705094875e-01
3.851084589797681978e-01
3.940730838947635317e-01
3.825335602727792383e-01
3.994599982038134489e-01
3.965957654106571639e-01
3.947754883616039767e-01
3.885257689605702280e-01
3.879505226683442887e-01
3.909380266874856735e-01
3.912658099265052813e-01
3.890625218342998459e-01
3.923658728448582433e-01
3.811679760093322211e-01
3.885681143314544395e-01
3.919013038077920896e-01
3.890444729439024307e-01
3.939895204223384240e-01
3.930050821539417538e-01
4.005802370730743855e-01
3.874316371883674837e-01
3.854932802700546390e-01
3.955695705684613150e-01
4.107623310260944405e-01
3.954851433754281720e-01
3.904583768729021909e-01
3.853354508813950918e-01
3.962042851924831299e-01
3.838144593235006119e-01
3.837141683105284029e-01
3.929397627656519010e-01
3.947307209846162568e-01
3.866956721211939341e-01
3.936957583278193340e-01
4.033874899999960184e-01
3.886005388406849059e-01
3.904484587641128823e-01
3.975556635014142470e-01
3.954287400708349498e-01
4.034992205414604793e-01
3.921772828664052413e-01
3.847008924849826261e-01
3.907925708964085643e-01
3.968703182283495612e-01
3.823322041281429495e-01
3.887770336821845807e-01
3.971193598844321992e-01
3.880392550051078859e-01
3.907516613535693684e-01
3.846012022405562170e-01
3.896553324877980451e-01
3.978146764792885315e-01
3.892857841712488165e-01
3.854426157137800790e-01
3.938119018904683299e-01
3.909844800923913954e-01
3.908831793194278426e-01
3.976021784953047700e-01
3.890793171135767947e-01
3.907508681394105121e-01
3.976933345350343596e-01
3.855256871424142529e-01
3.929472051476946559e-01
4.002917903739243166e-01
3.899230479352294165e-01
3.912783076064080823e-01
3.958927823652319544e-01
3.936985839674932985e-01
3.883820850636060529e-01
3.938252710651499178e-01
3.948408925747701748e-01
3.861054859434437936e-01
3.779548642257712920e-01
4.021476218760386412e-01
3.849332057960743736e-01
3.903315951327298583e-01
3.932634558387948509e-01
3.874330690642144304e-01
3.868726476504330547e-01
3.863549711689441279e-01
3.772802588337699770e-01
3.869762707373427535e-01
3.993774874809415398e-01
3.874316429807858064e-01
4.027403155690812975e-01
3.877359173459762332e-01
3.919208509187608880e-01
3.910194827857508271e-01
4.037961592956362256e-01
3.998286518451769078e-01
4.019656713122724545e-01
4.092330146968298776e-01
3.951833379043323546e-01
3.867815510435919646e-01
4.056380590582624457e-01
4.030497790628514432e-01
4.057771019590811212e-01
3.839669115363319452e-01
4.006190839501121981e-01
4.016514686971648374e-01
3.853408564857777052e-01
3.970054407753563219e-01
3.938302941476354291e-01
3.928925592013434720e-01
3.935802133960240035e-01
3.916002955148921161e-01
3.964203617407747182e-01
3.964991274338128258e-01
3.942802340013414897e-01
3.845320126234220703e-01
3.900882015132986491e-01
4.016378477858446039e-01
3.836769347163802579e-01
3.956655699920743063e-01
3.867688662509282671e-01
4.005559695614974158e-01
4.040695131575109955e-01
3.949617791593671989e-01
3.940428699715423644e-01
3.954069169906601067e-01
3.958580596551358188e-01
3.859680279114263146e-01
3.954334314731847155e-01
3.898551986890512744e-01
3.934652198498523323e-01
3.933461230712618772e-01
3.900175221208402321e-01
3.918420975861209854e-01
3.944175566057185889e-01
3.997888576825702756e-01
3.935028258381691457e-01
3.932032462615642210e-01
3.927756553451166588e-01
3.972865594563326774e-01
3.946861153953800105e-01
3.894794809354255594e-01
3.944890309900045966e-01
3.951016028990752549e-01
3.930357460841378825e-01
3.933000435804397954e-01
3.903262237324705564e-01
3.988220171968617778e-01
3.988723680434697050e-01
3.822850657350400083e-01
3.898382310555683072e-01
3.853212280151487312e-01
3.891540844722786163e-01
3.881023585732867320e-01
3.956050303113251565e-01
3.942163498977863112e-01
4.066634768808933265e-01
3.940059657525283310e-01
3.947599046441854220e-01
3.873651969832063169e-01
3.901776553595023844e-01
3.926828539663583806e-01
3.875332003034582251e-01
3.838473390472235680e-01
3.892887160187076812e-01
4.017446489935201925e-01
3.933599461646456463e-01
3.947610400990050339e-01
4.013218277647088161e-01
3.837832389638954345e-01
3.810889144181144328e-01
3.915136276666943971e-01
3.867602860584482549e-01
3.832078412987016680e-01
3.971367068637349229e-01
3.844682971119228188e-01
3.881544787242424688e-01
3.847509170028295955e-01
3.980650889934960746e-01
3.909122597889673756e-01
3.859461605325705813e-01
3.864619112642442844e-01
3.858200513650869579e-01
3.990392458068965365e-01
3.917331338335123814e-01
3.909502850487060477e-01
3.929808404007530953e-01
3.923299533997982591e-01
3.933739575202183647e-01
4.002065916996084827e-01
3.772452196119672196e-01
3.933701858437589349e-01
3.846039455619297831e-01
3.999520379935326830e-01
4.038276234707391943e-01
3.982862315340152670e-01
3.912724583563827463e-01
3.909886810205472907e-01
3.898942649455152676e-01
3.969209969729828869e-01
3.855140447067491594e-01
3.896707680459399192e-01
4.078096041749875722e-01
3.935904836859326350e-01
3.996968533553925118e-01
3.921991450796882828e-01
3.962977064165649765e-01
3.963577115490845570e-01
3.939589816541654299e-01
3.853282268521829312e-01
3.977967078144135638e-01
4.085289767311128806e-01
3.951202646939528940e-01
3.930108665198098761e-01
3.929544331337791463e-01
3.865875558501440379e-01
3.881600272138606145e-01
3.967798612931626168e-01
3.850022813548726330e-01
3.960965096873214075e-01
3.899271980071902788e-01
3.899837986808372681e-01
3.883782288894815360e-01
3.890525247168203360e-01
3.920529267690789910e-01
3.834699794272867779e-01
4.013892610817051398e-01
3.873637301862217219e-01
4.035166199344497051e-01
3.816192687507714565e-01
3.930079169405282791e-01
3.950840776390938114e-01
3.960342833412495156e-01
3.898469003550451562e-01
3.868877365241771837e-01
3.835722533478846952e-01
3.955670445967376936e-01
3.950949956782067174e-01
3.844149641611517287e-01
3.980692272097585693e-01
3.971297640520907724e-01
3.835917152040702049e-01
3.861715426317972044e-01
3.906007407282633959e-01
3.948170067531158733e-01
4.077955516609488851e-01
3.933695233107420974e-01
3.949323832599351825e-01
3.914510151478743927e-01
3.980756190977712827e-01
3.940064466591186587e-01
3.901489253104101773e-01
3.889712093034058960e-01
3.970122573088429307e-01
3.885621520244286753e-01
3.960355498681240594e-01
3.906365092147337514e-01
3.995978168485658788e-01
3.792083458404194030e-01
3.928545216212818714e-01
3.882114613150814963e-01
3.979236279376316410e-01
3.945999018944331138e-01
3.914255237887638850e-01
3.920519078082879139e-01
3.882345689238118625e-01
3.878696975241369138e-01
3.904275848546049921e-01
3.806688389744247170e-01
3.931769123871364235e-01
3.885613704527962065e-01
3.787984401112894917e-01
4.001423879313584786e-01
3.899507056630447388e-01
3.861181958270936132e-01
3.869215121712721861e-01
3.929155942172121718e-01
3.931238735422616926e-01
3.880360713939420836e-01
3.880322457404523639e-01
3.900192738907843903e-01
4.024946415324756610e-01
3.880418425834422091e-01
3.963558455664767943e-01
3.851076404729263380e-01
3.946621814057385547e-01
3.931507680830415019e-01
3.953644480597344191e-01
3.929625978578847878e-01
3.822443753019290069e-01
3.904017614232048183e-01
3.894656891616340988e-01
4.025838271895791354e-01
3.832768092183397313e-01
3.901401646559680136e-01
4.007419660532036132e-01
3.875140324400970226e-01
3.952151901787644972e-01
3.882127164133045150e-01
3.979541100659679809e-01
3.912855483490357278e-01
3.959271899199452993e-01
3.853016935765644080e-01
3.892153586682299826e-01
3.986193558048907182e-01
3.896757130841626560e-01
4.019967044876600615e-01
3.960385609060744772e-01
3.878226467630387364e-01
3.877993075846181137e-01
4.014300719373351534e-01
3.896051554342627177e-01
3.976861383518180970e-01
3.945920437305761586e-01
3.965298152133081011e-01
3.910711225846454364e-01
3.861374087766506480e-01
3.900502124613368093e-01
3.885200958959703632e-01
3.981685233555732339e-01
3.952628634989751588e-01
3.983559113281339714e-01
3.904106585194089263e-01
3.978443241491811388e-01
3.996871359387731970e-01
3.929248624137983703e-01
3.886666762376376205e-01
3.886475272640934064e-01
3.826277286929067323e-01
3.865648834368651809e-01
3.954787911713837922e-01
3.940044225206816852e-01
3.937698732565811932e-01
4.004724725946084418e-01
4.075253249666297983e-01
3.916436831234396676e-01
3.923197754838380624e-01
3.951039774404755955e-01
3.926073504100942024e-01
4.022659707917133898e-01
3.921790814165251327e-01
3.857013970899468847e-01
3.777695546288903361e-01
3.899692595544970719e-01
4.026583441685734899e-01
3.806452489375545811e-01
3.770167887447705146e-01
3.955542533292199514e-01
3.824475201506108979e-01
3.890852253057304755e-01
3.891472805161205195e-01
3.942781458740132194e-01
3.942892184249215393e-01
3.792201734136241842e-01
3.983801358605910115e-01
4.012792064402871950e-01
3.959043512262305775e-01
3.922300606540468637e-01
3.850082099423640103e-01
3.909058574660906893e-01
3.901995562347983504e-01
3.999570222672116371e-01
3.828176970871355334e-01
3.939746942319201639e-01
3.961191725018733401e-01
4.043932968681209217e-01
4.049330991501414179e-01
3.952526893536593144e-01
3.911978989360894166e-01
3.984662335343932549e-01
3.810687604243426230e-01
3.871209879627368622e-01
3.919854322287347204e-01
3.897481022320968824e-01
3.929758459865790865e-01
3.940513913838097348e-01
3.869473634102242876e-01
4.012781221587848335e-01
3.957432732245333984e-01
3.930720793633851184e-01
3.872572829662850324e-01
3.893763030626480881e-01
4.008984603118826429e-01
3.955603675550061205e-01
3.924683317130251980e-01
3.919920386256908751e-01
3.867475648951456124e-01
3.909464972713521114e-01
3.951437422047163195e-01
3.865287375921649948e-01
3.889747075948162824e-01
3.756831796066619766e-01
3.829329458762171234e-01
3.849906419393088752e-01
3.908060213212551370e-01
3.843443590882809069e-01
3.985163581511094733e-01
3.962999842339741674e-01
3.996633441619066862e-01
3.935012352796736779e-01
3.998882779599874926e-01
3.958464900539946374e-01
3.835381148676090257e-01
3.896198878225500817e-01
3.941926135857222735e-01
3.888549244603287658e-01
3.973965677293125331e-01
4.024335977869343273e-01
3.967570251227504619e-01
3.859566848608330658e-01
3.878090063598360615e-01
3.973388655573589778e-01
3.860438914823336454e-01
3.803828157175506708e-01
3.938438313917101419e-01
3.919499930887019867e-01
3.863852145379862990e-01
3.964197038902114167e-01
3.976226348879914885e-01
3.897489495580319097e-01
3.837006816932005959e-01
3.942979329342689021e-01
3.975365031750774936e-01
3.804719801781867305e-01
3.831522068862401320e-01
3.837663598623506367e-01
3.898766662253017601e-01
3.988450426898184631e-01
3.940201209457145914e-01
3.978138202997554274e-01
3.897574765813801578e-01
3.940660144018515165e-01
3.971081752672023235e-01
3.955672397769957604e-01
3.944096721242171255e-01
3.808076144967124654e-01
3.895694666539555318e-01
3.957049537283143237e-01
3.853154054239492088e-01
3.940328149962057380e-01
3.804719801781867305e-01
3.941233823539334047e-01
3.866592486210407853e-01
3.969059241816846884e-01
3.991516034276478830e-01
3.783561726184294094e-01
3.972085329326137115e-01
3.956849041221342511e-01
3.938855135787762696e-01
3.898013791226669356e-01
3.997068916499423863e-01
3.938776024603654058e-01
3.919128925487844195e-01
3.950963976587668069e-01
3.939438321417291222e-01
3.895528521308829761e-01
3.971729041568960450e-01
3.804719801781867305e-01
3.909750001384214579e-01
3.811411751807351478e-01
3.970828034012974794e-01
3.888961977795410419e-01
3.882056470348606569e-01
3.893539677835245461e-01
3.968783158966851521e-01
3.962696537459963753e-01
3.895828336532872194e-01
3.980456742813633375e-01
3.936047524908641848e-01
3.984253437103498219e-01
4.028272989368197887e-01
3.919347850924881915e-01
3.924124510360305074e-01
3.915655493427412925e-01
3.954656926477693735e-01
3.970558750822053007e-01
3.950731120370645222e-01
3.887974747613149318e-01
3.898553094667265850e-01
3.863699699764615580e-01
3.969671850188944418e-01
3.990605421835387023e-01
3.908888104719768775e-01
3.906854797968947746e-01
3.945991543437263327e-01
3.989643402064206312e-01
3.746210153208687221e-01
3.807227467243543551e-01
4.008797694091755237e-01
3.925428561637415159e-01
3.956936582115634371e-01
3.898008169781574939e-01
3.887290827622131850e-01
3.977051000720754348e-01
3.851187297593468561e-01
3.929276783246376525e-01
3.917241142534821918e-01
3.909484340878729425e-01
3.917622752078492865e-01
3.881949503012345204e-01
3.974494951868133841e-01
3.993786008076676275e-01
3.909229418029824821e-01
3.915384353429077757e-01
3.921030432126949572e-01
4.008313547018257372e-01
3.934382993797448935e-01
3.884993180222747200e-01
3.925607465566205434e-01
3.887745553100955265e-01
3.891290649656241607e-01
3.878355911806225520e-01
4.072628289033880522e-01
4.040251562491107284e-01
3.815707607332075035e-01
3.990194217070801019e-01
3.963994004825499573e-01
3.862323193660448517e-01
3.901805099864176785e-01
3.849312551692893325e-01
3.975397766144634915e-01
4.016240198565092512e-01
3.957572462697077076e-01
3.860420385524263032e-01
3.914890732837421061e-01
3.816455691059102429e-01
3.903063134417720237e-01
3.931794848695279176e-01
3.935849522147000235e-01
4.026091359684005333e-01
3.826459682380530802e-01
3.968481132302549286e-01
3.995452541775168509e-01
3.893563790878478703e-01
3.869700135319500967e-01
3.909021830512137696e-01
3.860671722854349674e-01
3.885811782428768013e-01
3.794392290829155523e-01
3.976665993473200711e-01
3.990961698952238401e-01
3.916764795582221570e-01
3.874563482192961983e-01
3.943406125127251194e-01
3.865165493937248176e-01
3.869823734108865931e-01
3.886363547782240024e-01
3.839153497170223472e-01
3.788918510834224374e-01
3.920245112033396429e-01
3.841895286374265583e-01
3.951865853855750510e-01
3.900977652273160401e-01
3.918387476564550997e-01
3.890451525787705922e-01
3.949561769452336613e-01
4.009010594889592660e-01
3.892140868189116198e-01
3.947236271750603209e-01
3.954148424597951350e-01
3.950804346719660742e-01
3.880983406510418177e-01
3.953349845994169609e-01
3.879689515134061017e-01
3.886974497101425841e-01
3.917632120513924732e-01
3.835719164309772111e-01
3.926251559002307268e-01
3.823754560437840344e-01
3.886418689636035317e-01
3.932949559465242495e-01
3.902315041670760265e-01
3.933761258563233665e-01
3.921551674096358520e-01
3.952652509233831601e-01
3.876267831881859971e-01
3.893930585342090800e-01
3.964300174066710536e-01
3.934751585090754400e-01
3.997679112714587202e-01
3.862525791755219706e-01
3.862366245965234701e-01
3.916023097472661751e-01
3.876175477327660768e-01
4.038625959014217615e-01
3.895460152128581433e-01
3.872366491093882090e-01
3.924860124309625942e-01
3.886339460955685610e-01
3.811809344368640717e-01
3.897191679486989302e-01
3.907464856735952119e-01
3.864575327884467448e-01
3.812509879164722171e-01
3.811208534372532708e-01
3.879560213656222389e-01
3.952779464091322748e-01
3.914061414886838008e-01
3.930961466033524587e-01
3.943623000190738526e-01
3.876407067937303608e-01
3.929324953953846067e-01
3.902478969509516338e-01
3.915725509441445040e-01
3.889855763691991153e-01
3.940146979732674914e-01
3.950946923262118049e-01
3.929008509336327504e-01
3.910383063966353379e-01
3.899005566829318314e-01
3.978579933080387820e-01
3.900808783494724707e-01
3.935089563187377792e-01
3.938792284937575050e-01
3.954127981173862216e-01
3.860938286122334584e-01
3.827240016221012953e-01
3.938371791972201108e-01
3.877991542281426507e-01
4.002723495109023477e-01
3.875320534845483333e-01
3.990942274739012197e-01
3.845833714684592231e-01
3.947897291062155700e-01
3.962308941159604081e-01
3.907666741940036270e-01
3.979118947400134276e-01
3.832219097288895315e-01
3.936070974650600074e-01
3.915309022082446022e-01
3.946664617348651372e-01
3.860185238204016378e-01
3.928477710934119571e-01
3.918832605455528362e-01
3.994371414595762060e-01
3.946381356942376684e-01
3.916893003285291663e-01
3.858931406773956074e-01
3.843719220116882940e-01
3.878773800469338950e-01
4.055180009760978033e-01
3.908833314523595392e-01
3.867283970502809476e-01
4.031491494111112961e-01
3.896873911489143749e-01
3.894750760302494452e-01
3.826259095586195258e-01
4.031043812546305505e-01
4.017255408150672835e-01
3.943360189499761081e-01
3.887095311887732718e-01
3.811395487206981070e-01
3.827224895661409110e-01
3.944779403903833082e-01
3.898850046313581674e-01
3.899067492331089180e-01
3.943450612853185433e-01
3.773166870036760434e-01
3.958522669316424936e-01
3.954820800139614012e-01
3.941142953397455684e-01
3.901031891807512642e-01
4.016719415530232151e-01
3.982170518429573591e-01
3.943989888724515613e-01
3.845704514029476551e-01
3.962396512210617505e-01
3.947689610536702642e-01
3.847964245902538161e-01
3.873239146810231182e-01
3.852693267474369132e-01
3.968608889284622188e-01
3.824033026367934518e-01
3.960188464069465675e-01
3.850620331313118760e-01
3.865085421007612987e-01
3.973922109074990439e-01
3.934860543549180689e-01
3.915381786288879007e-01
3.915432965667400844e-01
4.033899113102852874e-01
3.995492067873736008e-01
3.883423218025892076e-01
3.793242744658495980e-01
3.904652231645007743e-01
3.901114189962227585e-01
3.900409384195242524e-01
3.914104812152844892e-01
3.872503585786938318e-01
3.884641233906431790e-01
3.813419108210666653e-01
3.934245805869644452e-01
3.918439290302182521e-01
3.854208044024508006e-01
3.942054856922084793e-01
3.811241428228443473e-01
3.876412502207964295e-01
3.949637298034021637e-01
4.007889811060081353e-01
3.983405498903099251e-01
3.883323957491564560e-01
4.064921725035798294e-01
3.836743108690768844e-01
3.874982126450243203e-01
3.919957230648167812e-01
3.975704429096883485e-01
3.948666639446979931e-01
3.922641435837150303e-01
3.979143745219422823e-01
3.857868060040193225e-01
3.911395272867413397e-01
3.884184433904436240e-01
3.927881980053986033e-01
3.973771780624987815e-01
3.862572207301391836e-01
3.877079480907099640e-01
4.042640256997370729e-01
3.956544946256788098e-01
4.016270421192587592e-01
4.038415879619733362e-01
3.977690621708268592e-01
3.848319301580025442e-01
3.901110470824559195e-01
3.896841440901004927e-01
3.938400345993736673e-01
3.974223833667406836e-01
3.983110362371583002e-01
3.973822541114018225e-01
3.960379421207384509e-01
3.992794557495521479e-01
3.852650219742465021e-01
3.943064888250597533e-01
3.972632840726608716e-01
3.737717254825805857e-01
3.846229986472944340e-01
3.947165388071100511e-01
3.830525589035347900e-01
3.967075419931504476e-01
3.922116852077864868e-01
3.818784545338547165e-01
3.898392902566517049e-01
3.990200195500054892e-01
3.980808294796621127e-01
3.902705889399412653e-01
3.978200501891233087e-01
3.963077790767440267e-01
3.870404895542594592e-01
3.980432654911766899e-01
3.825070385038650822e-01
3.907883689893863477e-01
3.833213716549135341e-01
3.958160511759688527e-01
3.921810204002875722e-01
4.006922465608188655e-01
3.992370413616242453e-01
3.945018838192947963e-01
4.003142137746386053e-01
3.870714657347958387e-01
4.062443620766233443e-01
3.919526152078307568e-01
3.918748899490870907e-01
3.798840547837250003e-01
3.934958288684527461e-01
3.943424494747144182e-01
4.002987838549674771e-01
3.897541023784418801e-01
4.037990031177507433e-01
3.852503221921854681e-01
3.930481735778854624e-01
3.846274208471130440e-01
3.873978440776718601e-01
3.944009841659089632e-01
3.965570097005164940e-01
3.990924118417448763e-01
3.922558247193079217e-01
3.920058143599753908e-01
3.971311148313055872e-01
3.913397083009112487e-01
3.870627155796768637e-01
3.961925887781606037e-01
3.891980694372147442e-01
3.929650060007719437e-01
3.885347809731816149e-01
3.963262719818969049e-01
3.939744074868914980e-01
3.875700282402371188e-01
3.910612599549174728e-01
4.011753835006440227e-01
3.946251819891313239e-01
3.806961801334795559e-01
4.026939517784235978e-01
3.854724905260047962e-01
3.989162563672084549e-01
3.860715910893250391e-01
3.890649368125291274e-01
3.948165465538193142e-01
3.973936379604497970e-01
3.903667458273341051e-01
3.900761734696318594e-01
3.867515881130109690e-01
3.888473095142764846e-01
3.916787623677706054e-01
3.814297848240068012e-01
3.826271772445310471e-01
3.898439716801050392e-01
3.818517066074462174e-01
3.981264655709539357e-01
4.006844742544470872e-01
3.987559277566349869e-01
4.037180570689554715e-01
3.928866786390829979e-01
3.881184944690047600e-01
3.888210109137336112e-01
3.864650511527342180e-01
3.948150579983545350e-01
3.966161654944065362e-01
4.004583570501181189e-01
3.946991249439539828e-01
3.963657043854484363e-01
3.859394979847512452e-01
4.035558795082684336e-01
3.856486110873780238e-01
3.893451046027727735e-01
3.963789449143499399e-01
3.959670405639487689e-01
3.898084784364778121e-01
3.900964627010089503e-01
3.921143632620419650e-01
3.949418213152722790e-01
3.891254736452147700e-01
3.848137321505067932e-01
3.930437003338825841e-01
3.920905162723287152e-01
3.912080250468197851e-01
3.884111828876651296e-01
3.847743507753634273e-01
3.931485027954689238e-01
3.883336854451361342e-01
3.881648254613611626e-01
3.840744657185176658e-01
3.937869909284154035e-01
4.045327575627327144e-01
3.868731394729618134e-01
3.891281981521023670e-01
3.916275428472023035e-01
3.945671669310150675e-01
3.849417634410739475e-01
3.931866116059775096e-01
3.939211217492996631e-01
3.921999967550184318e-01
3.902760487623500030e-01
3.885235919634072443e-01
3.858690718076951409e-01
3.908703318258131554e-01
3.937996759564240667e-01
4.018848878897068322e-01
3.899725385566688574e-01
3.944838180051102317e-01
3.969551359626301568e-01
3.871619536126558181e-01
3.920369997020238251e-01
3.888038625108132251e-01
3.875011112599697771e-01
4.066719843202442619e-01
3.927593288851409792e-01
3.963292798472510814e-01
3.891295389149345141e-01
3.956991648648688908e-01
3.905368088885683431e-01
3.942883971600756321e-01
3.912193334211418461e-01
3.948098236058699140e-01
3.997814163007821220e-01
3.890627981595956020e-01
3.801897365662987305e-01
3.847221291705152368e-01
3.929600045934213415e-01
3.898869045971545821e-01
3.896065106243867260e-01
3.933668089702050952e-01
3.939683815391681887e-01
3.941242969935029317e-01
3.832507480876554129e-01
3.944118842591247676e-01
3.960011523711017833e-01
3.888310892669373797e-01
3.925845418024850320e-01
3.944806264313066024e-01
3.860634135675269918e-01
3.951068414755677938e-01
3.983022731611234324e-01
3.920851885260151493e-01
3.910803646785515064e-01
3.874512418324982388e-01
3.835678003448969031e-01
3.867231624835500425e-01
3.891298598924568530e-01
3.981807445673696266e-01
3.843837726633303475e-01
3.931431130926717477e-01
3.871660989595471225e-01
3.815970781242358778e-01
3.817025266996171284e-01
3.953206481294292418e-01
3.887614813282199711e-01
3.886081484439968814e-01
3.802019065256538877e-01
3.912840609981773077e-01
3.866820709448205440e-01
3.973971059467253375e-01
3.993873563181298825e-01
3.975224602624383152e-01
3.925651074235163018e-01
4.023836010083417514e-01
3.918754136429576374e-01
3.874032047778916965e-01
3.896040388361294848e-01
3.859693098114945209e-01
3.944863398912111796e-01
3.819336085804821423e-01
3.921395641613400485e-01
3.995960957478052467e-01
3.856421732154871607e-01
3.872303719251473653e-01
3.986455739152646727e-01
3.894218137451362916e-01
3.943420561093616272e-01
3.873655715280751588e-01
3.996318877179683704e-01
3.875645774771196983e-01
3.888447272593803516e-01
3.898409002515575983e-01
