# S(E)
# E  2.5%  16%  50%  84%  97.5%
9.267100000000000337e-02 4.989342500000000079e-04 5.066543999999999649e-04 5.155099999999999483e-04 5.246100000000000069e-04 5.327869999999999525e-04
1.026500000000000051e-01 4.966482500000000098e-04 5.044307999999999952e-04 5.131549999999999480e-04 5.222512000000000118e-04 5.302889999999999774e-04
1.126299999999999940e-01 4.944472500000000490e-04 5.022320000000000256e-04 5.108149999999999670e-04 5.198855999999999747e-04 5.277804999999998912e-04
1.226099999999999968e-01 4.922939999999999998e-04 5.000176000000000490e-04 5.084949999999999757e-04 5.175279999999999551e-04 5.252579999999999099e-04
1.325900000000000134e-01 4.900940000000000548e-04 4.976987999999999248e-04 5.061350000000000050e-04 5.151612000000000509e-04 5.227249999999999258e-04
1.425700000000000023e-01 4.877987499999999923e-04 4.954188000000000211e-04 5.037449999999999957e-04 5.127168000000000307e-04 5.202009999999999751e-04
1.525499999999999912e-01 4.855367499999999926e-04 4.930743999999999492e-04 5.013599999999999567e-04 5.102400000000000208e-04 5.176609999999999892e-04
1.625300000000000078e-01 4.831092499999999892e-04 4.907219999999999681e-04 4.989449999999999875e-04 5.077799999999999935e-04 5.151024999999999831e-04
1.725099999999999967e-01 4.809187500000000311e-04 4.883643999999999485e-04 4.965500000000000079e-04 5.052823999999999380e-04 5.125802499999999786e-04
1.824900000000000133e-01 4.786869999999999927e-04 4.860131999999999972e-04 4.941049999999999999e-04 5.026756000000000496e-04 5.099242499999999010e-04
1.924700000000000022e-01 4.762877499999999733e-04 4.835943999999999790e-04 4.915950000000000528e-04 5.000599999999999793e-04 5.073070000000000270e-04
2.024499999999999911e-01 4.738594999999999851e-04 4.811643999999999904e-04 4.891000000000000165e-04 4.974816000000000177e-04 5.047462500000000126e-04
2.124300000000000077e-01 4.714980000000000451e-04 4.787276000000000140e-04 4.865750000000000500e-04 4.949112000000000736e-04 5.021554999999999595e-04
2.224099999999999966e-01 4.691452499999999989e-04 4.762788000000000113e-04 4.839749999999999868e-04 4.922747999999999577e-04 4.995547499999999658e-04
2.323900000000000132e-01 4.667632499999999529e-04 4.738119999999999962e-04 4.814350000000000010e-04 4.896600000000000518e-04 4.969242499999999103e-04
2.423700000000000021e-01 4.642835000000000213e-04 4.713088000000000368e-04 4.788500000000000113e-04 4.870424000000000042e-04 4.942835000000000457e-04
2.523500000000000187e-01 4.617740000000000278e-04 4.687744000000000090e-04 4.762699999999999920e-04 4.843756000000000385e-04 4.916220000000000442e-04
2.623300000000000076e-01 4.591959999999999857e-04 4.662243999999999742e-04 4.736550000000000179e-04 4.816623999999999710e-04 4.889402499999999678e-04
2.723099999999999965e-01 4.565980000000000082e-04 4.636532000000000283e-04 4.710650000000000037e-04 4.789199999999999751e-04 4.862402499999999564e-04
2.822899999999999854e-01 4.540200000000000203e-04 4.610943999999999742e-04 4.684450000000000051e-04 4.761955999999999915e-04 4.835505000000000250e-04
2.922699999999999743e-01 4.515882499999999771e-04 4.585575999999999953e-04 4.658250000000000064e-04 4.734799999999999729e-04 4.808400000000000109e-04
3.022500000000000187e-01 4.490687499999999888e-04 4.559799999999999813e-04 4.631849999999999639e-04 4.707555999999999893e-04 4.781305000000000125e-04
3.122300000000000075e-01 4.465000000000000110e-04 4.533731999999999845e-04 4.605799999999999846e-04 4.679999999999999915e-04 4.753807500000000038e-04
3.222099999999999964e-01 4.439889999999999939e-04 4.508243999999999793e-04 4.579449999999999667e-04 4.652856000000000027e-04 4.726502500000000001e-04
3.321899999999999853e-01 4.414680000000000362e-04 4.482088000000000174e-04 4.552550000000000043e-04 4.625156000000000276e-04 4.698524999999999945e-04
3.421699999999999742e-01 4.389092499999999990e-04 4.455999999999999892e-04 4.526050000000000212e-04 4.598011999999999846e-04 4.670922499999999832e-04
3.521500000000000186e-01 4.363875000000000024e-04 4.430200000000000240e-04 4.499500000000000136e-04 4.570956000000000151e-04 4.643517499999999846e-04
3.621300000000000074e-01 4.338475000000000165e-04 4.404688000000000136e-04 4.473199999999999659e-04 4.544055999999999985e-04 4.616505000000000348e-04
3.721099999999999963e-01 4.312589999999999718e-04 4.378763999999999942e-04 4.447049999999999918e-04 4.517855999999999999e-04 4.589410000000000364e-04
3.820899999999999852e-01 4.287389999999999756e-04 4.353043999999999924e-04 4.421450000000000163e-04 4.491456000000000116e-04 4.562127499999999868e-04
3.920699999999999741e-01 4.261992500000000208e-04 4.327499999999999750e-04 4.395800000000000163e-04 4.465200000000000007e-04 4.535237499999999859e-04
4.020500000000000185e-01 4.237294999999999755e-04 4.302088000000000136e-04 4.370249999999999569e-04 4.438911999999999827e-04 4.508742500000000107e-04
4.120300000000000074e-01 4.212500000000000207e-04 4.276688000000000277e-04 4.344449999999999918e-04 4.412456000000000364e-04 4.483032499999999704e-04
4.220099999999999962e-01 4.188099999999999831e-04 4.251388000000000367e-04 4.319050000000000059e-04 4.386611999999999803e-04 4.457522500000000282e-04
4.319899999999999851e-01 4.164794999999999890e-04 4.226731999999999972e-04 4.293599999999999956e-04 4.360992000000000275e-04 4.432312500000000163e-04
4.419699999999999740e-01 4.141472499999999946e-04 4.203232000000000214e-04 4.268650000000000135e-04 4.336200000000000124e-04 4.406907499999999684e-04
4.519500000000000184e-01 4.118349999999999897e-04 4.179100000000000154e-04 4.243800000000000263e-04 4.311167999999999988e-04 4.381400000000000030e-04
4.619300000000000073e-01 4.094465000000000040e-04 4.155176000000000008e-04 4.219699999999999731e-04 4.286311999999999696e-04 4.355604999999999915e-04
4.719099999999999961e-01 4.070884999999999565e-04 4.131343999999999793e-04 4.195800000000000180e-04 4.261711999999999965e-04 4.330102499999999798e-04
4.818899999999999850e-01 4.047989999999999575e-04 4.108243999999999828e-04 4.172250000000000177e-04 4.237256000000000009e-04 4.304900000000000068e-04
4.918699999999999739e-01 4.025972499999999578e-04 4.084844000000000018e-04 4.148949999999999774e-04 4.213568000000000109e-04 4.280002499999999719e-04
5.018500000000000183e-01 4.004260000000000046e-04 4.061731999999999756e-04 4.125549999999999964e-04 4.189956000000000106e-04 4.255642499999999972e-04
5.118300000000000072e-01 3.982459999999999950e-04 4.039331999999999970e-04 4.102900000000000037e-04 4.166856000000000140e-04 4.231867499999999679e-04
5.218099999999999961e-01 3.960470000000000114e-04 4.017088000000000256e-04 4.080750000000000393e-04 4.144199999999999794e-04 4.208567499999999817e-04
5.317899999999999849e-01 3.938782499999999892e-04 3.995776000000000145e-04 4.058650000000000452e-04 4.121811999999999763e-04 4.185654999999999823e-04
5.417699999999999738e-01 3.917397500000000367e-04 3.974288000000000191e-04 4.037099999999999955e-04 4.099956000000000086e-04 4.163139999999999311e-04
5.517499999999999627e-01 3.896497500000000347e-04 3.953388000000000171e-04 4.015550000000000000e-04 4.078600000000000151e-04 4.140924999999999728e-04
5.617299999999999516e-01 3.875897500000000172e-04 3.932887999999999944e-04 3.994299999999999891e-04 4.057299999999999796e-04 4.119207500000000117e-04
5.717100000000000515e-01 3.855692500000000252e-04 3.912607999999999928e-04 3.973650000000000012e-04 4.036355999999999950e-04 4.097602499999999839e-04
5.816900000000000404e-01 3.836094999999999870e-04 3.892976000000000249e-04 3.953599999999999823e-04 4.015600000000000246e-04 4.076310000000000415e-04
5.916700000000000292e-01 3.816597499999999977e-04 3.872799999999999919e-04 3.933800000000000317e-04 3.995511999999999567e-04 4.055905000000000057e-04
6.016500000000000181e-01 3.797394999999999850e-04 3.853500000000000154e-04 3.914300000000000114e-04 3.975567999999999745e-04 4.035800000000000086e-04
6.116300000000000070e-01 3.778594999999999827e-04 3.835131999999999994e-04 3.894999999999999808e-04 3.956300000000000051e-04 4.016002499999999807e-04
6.216099999999999959e-01 3.760195000000000139e-04 3.816943999999999958e-04 3.876099999999999836e-04 3.937100000000000235e-04 3.996602499999999552e-04
6.315899999999999848e-01 3.742784999999999775e-04 3.798699999999999798e-04 3.858099999999999941e-04 3.918356000000000334e-04 3.977604999999999943e-04
6.415699999999999736e-01 3.725280000000000084e-04 3.780943999999999625e-04 3.840249999999999697e-04 3.900056000000000052e-04 3.958704999999999971e-04
6.515499999999999625e-01 3.707787500000000319e-04 3.763244000000000116e-04 3.822599999999999891e-04 3.882099999999999982e-04 3.939710000000000130e-04
6.615299999999999514e-01 3.690597500000000167e-04 3.746188000000000122e-04 3.805250000000000472e-04 3.864467999999999809e-04 3.921622500000000212e-04
6.715100000000000513e-01 3.674189999999999596e-04 3.729399999999999903e-04 3.788450000000000498e-04 3.847224000000000216e-04 3.904610000000000416e-04
6.814900000000000402e-01 3.658082499999999954e-04 3.712843999999999650e-04 3.771850000000000419e-04 3.830411999999999944e-04 3.887804999999999820e-04
6.914700000000000291e-01 3.642377499999999873e-04 3.696799999999999978e-04 3.755749999999999540e-04 3.813835999999999919e-04 3.871014999999999461e-04
7.014500000000000179e-01 3.627072499999999585e-04 3.680888000000000324e-04 3.739849999999999642e-04 3.797556000000000000e-04 3.855102499999999636e-04
7.114300000000000068e-01 3.611982499999999972e-04 3.665799999999999766e-04 3.724299999999999833e-04 3.782012000000000069e-04 3.839000000000000073e-04
7.214099999999999957e-01 3.597092500000000255e-04 3.651187999999999981e-04 3.709200000000000062e-04 3.766523999999999719e-04 3.823200000000000123e-04
7.313899999999999846e-01 3.583170000000000322e-04 3.636943999999999919e-04 3.694400000000000136e-04 3.751080000000000278e-04 3.807799999999999965e-04
7.413699999999999735e-01 3.569157500000000056e-04 3.622488000000000205e-04 3.679900000000000055e-04 3.736300000000000125e-04 3.792800000000000143e-04
7.513499999999999623e-01 3.555552499999999972e-04 3.608263999999999916e-04 3.665349999999999728e-04 3.722355999999999907e-04 3.778102499999999933e-04
7.613299999999999512e-01 3.542247499999999732e-04 3.594788000000000453e-04 3.651649999999999775e-04 3.708768000000000199e-04 3.763805000000000059e-04
7.713100000000000511e-01 3.528855000000000013e-04 3.581688000000000189e-04 3.638349999999999614e-04 3.695411999999999916e-04 3.749810000000000339e-04
7.812900000000000400e-01 3.515664999999999958e-04 3.568700000000000171e-04 3.625400000000000085e-04 3.682356000000000019e-04 3.736405000000000151e-04
7.912700000000000289e-01 3.502775000000000289e-04 3.555899999999999751e-04 3.613000000000000001e-04 3.669400000000000070e-04 3.723012499999999890e-04
8.012500000000000178e-01 3.490292500000000261e-04 3.543488000000000453e-04 3.600499999999999968e-04 3.656600000000000193e-04 3.710704999999999906e-04
8.112300000000000066e-01 3.478782500000000095e-04 3.531499999999999917e-04 3.588500000000000218e-04 3.644367999999999935e-04 3.698312499999999669e-04
8.212099999999999955e-01 3.467862500000000003e-04 3.520043999999999734e-04 3.576750000000000068e-04 3.632099999999999869e-04 3.686607499999999685e-04
8.311899999999999844e-01 3.457245000000000066e-04 3.508900000000000235e-04 3.565250000000000060e-04 3.620356000000000138e-04 3.675199999999999778e-04
8.411699999999999733e-01 3.445957499999999880e-04 3.497932000000000038e-04 3.554300000000000037e-04 3.608911999999999710e-04 3.664007500000000003e-04
8.511499999999999622e-01 3.434967499999999770e-04 3.487100000000000139e-04 3.543500000000000209e-04 3.597956000000000353e-04 3.653114999999999531e-04
8.611299999999999510e-01 3.424375000000000227e-04 3.476199999999999820e-04 3.533050000000000470e-04 3.587255999999999930e-04 3.642604999999999931e-04
8.711100000000000509e-01 3.413984999999999806e-04 3.466044000000000048e-04 3.522900000000000033e-04 3.576768000000000243e-04 3.632400000000000255e-04
8.810900000000000398e-01 3.403894999999999772e-04 3.456231999999999946e-04 3.512799999999999842e-04 3.566600000000000174e-04 3.622499999999999960e-04
8.910700000000000287e-01 3.394197500000000227e-04 3.446743999999999741e-04 3.503150000000000231e-04 3.557000000000000266e-04 3.612412499999999695e-04
9.010500000000000176e-01 3.385094999999999749e-04 3.437343999999999729e-04 3.493850000000000167e-04 3.547900000000000099e-04 3.602719999999999686e-04
9.110300000000000065e-01 3.376195000000000021e-04 3.428300000000000227e-04 3.484799999999999703e-04 3.538556000000000210e-04 3.593619999999999519e-04
9.210099999999999953e-01 3.367495000000000189e-04 3.419643999999999679e-04 3.475950000000000220e-04 3.529668000000000237e-04 3.584717500000000022e-04
9.309899999999999842e-01 3.359195000000000150e-04 3.411231999999999936e-04 3.467300000000000091e-04 3.521167999999999759e-04 3.576114999999999828e-04
9.409699999999999731e-01 3.351092500000000239e-04 3.403176000000000161e-04 3.459049999999999755e-04 3.512911999999999545e-04 3.567907499999999890e-04
9.509499999999999620e-01 3.343292499999999941e-04 3.395299999999999967e-04 3.451049999999999561e-04 3.504956000000000261e-04 3.559902499999999617e-04
9.609299999999999509e-01 3.335689999999999771e-04 3.387299999999999773e-04 3.443399999999999998e-04 3.497255999999999911e-04 3.552105000000000171e-04
9.709100000000000508e-01 3.328292500000000118e-04 3.379843999999999687e-04 3.435950000000000332e-04 3.489755999999999999e-04 3.544412499999999668e-04
9.808900000000000396e-01 3.321189999999999689e-04 3.372776000000000181e-04 3.428450000000000421e-04 3.482599999999999758e-04 3.537019999999999552e-04
9.908700000000000285e-01 3.314290000000000009e-04 3.365788000000000308e-04 3.421350000000000302e-04 3.475700000000000079e-04 3.530019999999999924e-04
1.000799999999999912e+00 3.331597500000000114e-04 3.383400000000000166e-04 3.440000000000000132e-04 3.495400000000000178e-04 3.549617499999999765e-04
1.010799999999999921e+00 3.325094999999999917e-04 3.376899999999999737e-04 3.433349999999999510e-04 3.488955999999999872e-04 3.543022500000000009e-04
1.020799999999999930e+00 3.318792500000000158e-04 3.370375999999999797e-04 3.427050000000000061e-04 3.482423999999999915e-04 3.536917499999999836e-04
1.030799999999999939e+00 3.312689999999999754e-04 3.364276000000000245e-04 3.420950000000000510e-04 3.476336000000000118e-04 3.530917500000000232e-04
1.040799999999999947e+00 3.306884999999999968e-04 3.358419999999999873e-04 3.415049999999999770e-04 3.470311999999999919e-04 3.525117499999999983e-04
1.050699999999999967e+00 3.301087500000000029e-04 3.352743999999999625e-04 3.409199999999999817e-04 3.464599999999999863e-04 3.519617500000000120e-04
1.060699999999999976e+00 3.295097500000000040e-04 3.347199999999999937e-04 3.403600000000000006e-04 3.459256000000000071e-04 3.514412500000000023e-04
1.070699999999999985e+00 3.289689999999999737e-04 3.341943999999999796e-04 3.398300000000000040e-04 3.453856000000000157e-04 3.509312499999999954e-04
1.080699999999999994e+00 3.284592499999999977e-04 3.337043999999999623e-04 3.393250000000000216e-04 3.448556000000000191e-04 3.504407499999999702e-04
1.090700000000000003e+00 3.279697500000000425e-04 3.332200000000000114e-04 3.388199999999999849e-04 3.443723999999999895e-04 3.499702499999999888e-04
1.100600000000000023e+00 3.275097500000000096e-04 3.327543999999999663e-04 3.383400000000000166e-04 3.439124000000000109e-04 3.495010000000000000e-04
1.110600000000000032e+00 3.270692500000000127e-04 3.323088000000000192e-04 3.378799999999999837e-04 3.434711999999999921e-04 3.490417500000000061e-04
1.120600000000000041e+00 3.266587500000000003e-04 3.318832000000000075e-04 3.374399999999999947e-04 3.430312000000000031e-04 3.486014999999999860e-04
1.130600000000000049e+00 3.262584999999999596e-04 3.314999999999999804e-04 3.370149999999999708e-04 3.426356000000000302e-04 3.481905000000000200e-04
1.140600000000000058e+00 3.258780000000000400e-04 3.310888000000000004e-04 3.365999999999999960e-04 3.422656000000000049e-04 3.477802499999999844e-04
1.150500000000000078e+00 3.255175000000000017e-04 3.307200000000000049e-04 3.362400000000000198e-04 3.419100000000000112e-04 3.473807499999999825e-04
1.160500000000000087e+00 3.251770000000000073e-04 3.303700000000000235e-04 3.358999999999999790e-04 3.415399999999999860e-04 3.470307500000000011e-04
1.170500000000000096e+00 3.248467499999999845e-04 3.300143999999999756e-04 3.355749999999999575e-04 3.411900000000000046e-04 3.467102499999999963e-04
1.180500000000000105e+00 3.245367499999999824e-04 3.296888000000000206e-04 3.352699999999999799e-04 3.408700000000000076e-04 3.463905000000000304e-04
1.190499999999999892e+00 3.242470000000000009e-04 3.293799999999999940e-04 3.349499999999999830e-04 3.405799999999999952e-04 3.460907499999999999e-04
1.200399999999999912e+00 3.239669999999999833e-04 3.291087999999999956e-04 3.346599999999999705e-04 3.403100000000000265e-04 3.458112499999999902e-04
1.210399999999999920e+00 3.237072499999999863e-04 3.288464000000000166e-04 3.343800000000000071e-04 3.400456000000000160e-04 3.455710000000000292e-04
1.220399999999999929e+00 3.234672500000000022e-04 3.286164000000000272e-04 3.341349999999999984e-04 3.397968000000000125e-04 3.453700000000000086e-04
1.230399999999999938e+00 3.232082499999999899e-04 3.284019999999999908e-04 3.339149999999999497e-04 3.395679999999999987e-04 3.451209999999999911e-04
1.240399999999999947e+00 3.229689999999999905e-04 3.281900000000000138e-04 3.336999999999999797e-04 3.393579999999999991e-04 3.449300000000000196e-04
1.250299999999999967e+00 3.227497500000000349e-04 3.279919999999999863e-04 3.334850000000000097e-04 3.391768000000000083e-04 3.447114999999999945e-04
1.260299999999999976e+00 3.225592500000000170e-04 3.277888000000000286e-04 3.332899999999999752e-04 3.390156000000000072e-04 3.445125000000000054e-04
1.270299999999999985e+00 3.223887499999999887e-04 3.276088000000000134e-04 3.331249999999999793e-04 3.388711999999999887e-04 3.443324999999999901e-04
1.280299999999999994e+00 3.222284999999999863e-04 3.274519999999999948e-04 3.329699999999999782e-04 3.387355999999999896e-04 3.441622499999999929e-04
1.290300000000000002e+00 3.220787499999999866e-04 3.273276000000000202e-04 3.328349999999999668e-04 3.385956000000000079e-04 3.440122500000000164e-04
1.300200000000000022e+00 3.219294999999999947e-04 3.271999999999999843e-04 3.327000000000000096e-04 3.384867999999999861e-04 3.439305000000000031e-04
1.310200000000000031e+00 3.218097500000000337e-04 3.270843999999999748e-04 3.325949999999999827e-04 3.383867999999999837e-04 3.438410000000000034e-04
1.320200000000000040e+00 3.216900000000000185e-04 3.270031999999999865e-04 3.324750000000000448e-04 3.382799999999999935e-04 3.438207499999999827e-04
1.330200000000000049e+00 3.215887500000000235e-04 3.269300000000000157e-04 3.323800000000000127e-04 3.382099999999999755e-04 3.438202499999999748e-04
1.340200000000000058e+00 3.214989999999999927e-04 3.267999999999999746e-04 3.323099999999999947e-04 3.381556000000000188e-04 3.438105000000000111e-04
1.350100000000000078e+00 3.214197500000000188e-04 3.267432000000000127e-04 3.322649999999999909e-04 3.380967999999999712e-04 3.437814999999999881e-04
1.360100000000000087e+00 3.213590000000000110e-04 3.267088000000000457e-04 3.322349999999999522e-04 3.380492000000000024e-04 3.437527499999999420e-04
1.370100000000000096e+00 3.213092500000000137e-04 3.266699999999999877e-04 3.322199999999999871e-04 3.380247999999999760e-04 3.437514999999999495e-04
1.380100000000000104e+00 3.189797500000000354e-04 3.242643999999999713e-04 3.297400000000000244e-04 3.355868000000000241e-04 3.412002499999999762e-04
1.390099999999999891e+00 3.189695000000000095e-04 3.242588000000000133e-04 3.297449999999999947e-04 3.355704000000000152e-04 3.412700000000000173e-04
1.399999999999999911e+00 3.189695000000000095e-04 3.242575999999999835e-04 3.297550000000000437e-04 3.355860000000000223e-04 3.413007499999999865e-04
1.409999999999999920e+00 3.189697500000000406e-04 3.242731999999999906e-04 3.297700000000000089e-04 3.356103999999999945e-04 3.413204999999999993e-04
1.419999999999999929e+00 3.189797500000000354e-04 3.243100000000000171e-04 3.298049999999999636e-04 3.356459999999999912e-04 3.413314999999999557e-04
1.429999999999999938e+00 3.189994999999999940e-04 3.243243999999999945e-04 3.298549999999999920e-04 3.356960000000000196e-04 3.413527499999999379e-04
1.439999999999999947e+00 3.190289999999999706e-04 3.243488000000000209e-04 3.299199999999999854e-04 3.357503999999999762e-04 3.413839999999999692e-04
1.449899999999999967e+00 3.190687500000000273e-04 3.243843999999999634e-04 3.299900000000000034e-04 3.358203999999999942e-04 3.414249999999999642e-04
1.459899999999999975e+00 3.191087500000000065e-04 3.244388000000000285e-04 3.300700000000000162e-04 3.358967999999999720e-04 3.414957499999999669e-04
1.469899999999999984e+00 3.191489999999999627e-04 3.245044000000000097e-04 3.301600000000000238e-04 3.359867999999999796e-04 3.416249999999999691e-04
1.479899999999999993e+00 3.191992500000000220e-04 3.245943999999999631e-04 3.302650000000000507e-04 3.360911999999999645e-04 3.417737499999999530e-04
1.489900000000000002e+00 3.192494999999999730e-04 3.246743999999999759e-04 3.303700000000000235e-04 3.361899999999999914e-04 3.419327499999999628e-04
1.499800000000000022e+00 3.193197500000000220e-04 3.247643999999999835e-04 3.304900000000000155e-04 3.362856000000000113e-04 3.420917500000000269e-04
1.509800000000000031e+00 3.194097500000000296e-04 3.248643999999999859e-04 3.306200000000000024e-04 3.364056000000000034e-04 3.422707499999999721e-04
1.519800000000000040e+00 3.195487499999999956e-04 3.249743999999999832e-04 3.307599999999999841e-04 3.365423999999999781e-04 3.424502499999999795e-04
1.529800000000000049e+00 3.196885000000000004e-04 3.250999999999999875e-04 3.309100000000000149e-04 3.367056000000000107e-04 3.426210000000000388e-04
1.539800000000000058e+00 3.198187500000000184e-04 3.252400000000000234e-04 3.310649999999999617e-04 3.368911999999999840e-04 3.428212499999999663e-04
1.549700000000000077e+00 3.199394999999999952e-04 3.253843999999999877e-04 3.312300000000000118e-04 3.370612000000000044e-04 3.430312499999999660e-04
1.559700000000000086e+00 3.200894999999999717e-04 3.255388000000000010e-04 3.314050000000000025e-04 3.372456000000000021e-04 3.432612500000000095e-04
1.569700000000000095e+00 3.202584999999999764e-04 3.257032000000000091e-04 3.315749999999999687e-04 3.374299999999999999e-04 3.434910000000000220e-04
1.579700000000000104e+00 3.204377500000000069e-04 3.258687999999999928e-04 3.317549999999999839e-04 3.376300000000000048e-04 3.437307499999999751e-04
1.589699999999999891e+00 3.206270000000000322e-04 3.260588000000000028e-04 3.319749999999999784e-04 3.378400000000000044e-04 3.439802500000000004e-04
1.599599999999999911e+00 3.208262499999999981e-04 3.262643999999999657e-04 3.321900000000000026e-04 3.380656000000000112e-04 3.442399999999999974e-04
1.609599999999999920e+00 3.210259999999999720e-04 3.264788000000000022e-04 3.324099999999999971e-04 3.383268000000000148e-04 3.444904999999999842e-04
1.619599999999999929e+00 3.212454999999999586e-04 3.266944000000000141e-04 3.326499999999999813e-04 3.385756000000000182e-04 3.447510000000000201e-04
1.629599999999999937e+00 3.214554999999999583e-04 3.269131999999999789e-04 3.328900000000000197e-04 3.388099999999999901e-04 3.450214999999999424e-04
1.639599999999999946e+00 3.216755000000000070e-04 3.271344000000000031e-04 3.331249999999999793e-04 3.390756000000000304e-04 3.453019999999999679e-04
1.649499999999999966e+00 3.218955000000000015e-04 3.273788000000000240e-04 3.333750000000000125e-04 3.393299999999999919e-04 3.455922500000000114e-04
1.659499999999999975e+00 3.221257500000000219e-04 3.276164000000000029e-04 3.336650000000000249e-04 3.396100000000000095e-04 3.458924999999999955e-04
1.669499999999999984e+00 3.223657500000000060e-04 3.278819999999999890e-04 3.339350000000000478e-04 3.399000000000000220e-04 3.461932499999999875e-04
1.679499999999999993e+00 3.226155000000000082e-04 3.281531999999999873e-04 3.342099999999999867e-04 3.401999999999999751e-04 3.465037499999999975e-04
1.689500000000000002e+00 3.228754999999999820e-04 3.284399999999999928e-04 3.345050000000000237e-04 3.404999999999999824e-04 3.468337499999999893e-04
1.699400000000000022e+00 3.231355000000000100e-04 3.287388000000000246e-04 3.348049999999999768e-04 3.408056000000000019e-04 3.471635000000000042e-04
1.709400000000000031e+00 3.234057500000000096e-04 3.290244000000000003e-04 3.351149999999999789e-04 3.411299999999999814e-04 3.474934999999999960e-04
1.719400000000000039e+00 3.236854999999999962e-04 3.293176000000000198e-04 3.354300000000000055e-04 3.414511999999999539e-04 3.478530000000000185e-04
1.729400000000000048e+00 3.239657499999999907e-04 3.296276000000000219e-04 3.357349999999999831e-04 3.417768000000000173e-04 3.482322499999999997e-04
1.739400000000000057e+00 3.242070000000000216e-04 3.299387999999999995e-04 3.360449999999999852e-04 3.421124000000000213e-04 3.486214999999999757e-04
1.749300000000000077e+00 3.244680000000000112e-04 3.302544000000000139e-04 3.363600000000000118e-04 3.424667999999999853e-04 3.490302499999999876e-04
1.759300000000000086e+00 3.247292500000000318e-04 3.305776000000000179e-04 3.366900000000000036e-04 3.428255999999999860e-04 3.494107499999999614e-04
1.769300000000000095e+00 3.250094999999999720e-04 3.309000000000000201e-04 3.370349999999999605e-04 3.431756000000000216e-04 3.497917499999999972e-04
1.779300000000000104e+00 3.253284999999999532e-04 3.312388000000000311e-04 3.373849999999999961e-04 3.435367999999999734e-04 3.501730000000000099e-04
1.789299999999999891e+00 3.256570000000000298e-04 3.315843999999999758e-04 3.377400000000000020e-04 3.439200000000000004e-04 3.505932499999999861e-04
1.799199999999999910e+00 3.259860000000000058e-04 3.319400000000000237e-04 3.381099999999999731e-04 3.443068000000000083e-04 3.510125000000000007e-04
1.809199999999999919e+00 3.263247499999999998e-04 3.323043999999999824e-04 3.384850000000000228e-04 3.446968000000000232e-04 3.514319999999999922e-04
1.819199999999999928e+00 3.266734999999999886e-04 3.326700000000000251e-04 3.388650000000000429e-04 3.450999999999999858e-04 3.518712499999999965e-04
1.829199999999999937e+00 3.270235000000000242e-04 3.330543999999999736e-04 3.392550000000000036e-04 3.455056000000000078e-04 3.523107499999999777e-04
1.839199999999999946e+00 3.273837499999999773e-04 3.334500000000000007e-04 3.396399999999999940e-04 3.459380000000000072e-04 3.527599999999999768e-04
1.849099999999999966e+00 3.277442500000000156e-04 3.338443999999999982e-04 3.400649999999999637e-04 3.463535999999999698e-04 3.531905000000000331e-04
1.859099999999999975e+00 3.281242499999999815e-04 3.342344000000000131e-04 3.404649999999999734e-04 3.467792000000000357e-04 3.536214999999999888e-04
1.869099999999999984e+00 3.284949999999999914e-04 3.346343999999999686e-04 3.408950000000000218e-04 3.472223999999999775e-04 3.540719999999999805e-04
1.879099999999999993e+00 3.288849999999999521e-04 3.350343999999999783e-04 3.413350000000000108e-04 3.476711999999999858e-04 3.545224999999999722e-04
1.889100000000000001e+00 3.292557500000000163e-04 3.354388000000000248e-04 3.417550000000000102e-04 3.481299999999999889e-04 3.549732499999999949e-04
1.899000000000000021e+00 3.296169999999999851e-04 3.358400000000000100e-04 3.421699999999999850e-04 3.485856000000000393e-04 3.554437499999999763e-04
1.909000000000000030e+00 3.299784999999999849e-04 3.362432000000000268e-04 3.426049999999999495e-04 3.490400000000000056e-04 3.559339999999999705e-04
1.919000000000000039e+00 3.303497500000000028e-04 3.366520000000000016e-04 3.430449999999999927e-04 3.495055999999999966e-04 3.564535000000000186e-04
1.929000000000000048e+00 3.307589999999999684e-04 3.370888000000000378e-04 3.435050000000000256e-04 3.499856000000000191e-04 3.569635000000000256e-04
1.939000000000000057e+00 3.311780000000000062e-04 3.375132000000000197e-04 3.439499999999999849e-04 3.504599999999999751e-04 3.574930000000000143e-04
1.948900000000000077e+00 3.315782499999999928e-04 3.379588000000000210e-04 3.443899999999999739e-04 3.509499999999999924e-04 3.580219999999999952e-04
1.958900000000000086e+00 3.319792500000000183e-04 3.384099999999999804e-04 3.448649999999999719e-04 3.514511999999999801e-04 3.585512500000000071e-04
1.968900000000000095e+00 3.323900000000000075e-04 3.388644000000000009e-04 3.453400000000000241e-04 3.519524000000000220e-04 3.590902499999999828e-04
1.978900000000000103e+00 3.328292500000000118e-04 3.393288000000000164e-04 3.458450000000000066e-04 3.524668000000000115e-04 3.596012500000000055e-04
1.988899999999999890e+00 3.332784999999999567e-04 3.397976000000000143e-04 3.463449999999999645e-04 3.529911999999999959e-04 3.601122500000000282e-04
1.998799999999999910e+00 3.337375000000000281e-04 3.402831999999999949e-04 3.468349999999999819e-04 3.535256000000000292e-04 3.606332499999999916e-04
2.008799999999999919e+00 3.341967499999999678e-04 3.407843999999999826e-04 3.473249999999999992e-04 3.540600000000000084e-04 3.612032499999999675e-04
2.018800000000000150e+00 3.346464999999999748e-04 3.412499999999999735e-04 3.478199999999999868e-04 3.545856000000000225e-04 3.617830000000000156e-04
2.028799999999999937e+00 3.350962500000000360e-04 3.417043999999999941e-04 3.483349999999999641e-04 3.551024000000000173e-04 3.623727499999999501e-04
2.038800000000000168e+00 3.355562500000000147e-04 3.421799999999999798e-04 3.488400000000000008e-04 3.556380000000000262e-04 3.629724999999999879e-04
2.048700000000000188e+00 3.360167500000000012e-04 3.426643999999999849e-04 3.493650000000000271e-04 3.562011999999999600e-04 3.635722500000000256e-04
2.058699999999999974e+00 3.364870000000000057e-04 3.431632000000000215e-04 3.498849999999999747e-04 3.567512000000000005e-04 3.641820000000000040e-04
2.068700000000000205e+00 3.369577500000000181e-04 3.436732000000000285e-04 3.504050000000000307e-04 3.573156000000000184e-04 3.647917499999999823e-04
2.078699999999999992e+00 3.374287500000000073e-04 3.441900000000000233e-04 3.509350000000000273e-04 3.578755999999999994e-04 3.654112499999999787e-04
2.088699999999999779e+00 3.379097500000000456e-04 3.447200000000000199e-04 3.514799999999999891e-04 3.584400000000000173e-04 3.660404999999999930e-04
2.098599999999999799e+00 3.384292500000000395e-04 3.452331999999999797e-04 3.520299999999999753e-04 3.590099999999999932e-04 3.666699999999999842e-04
2.108600000000000030e+00 3.389582500000000204e-04 3.457544000000000112e-04 3.525849999999999861e-04 3.596011999999999885e-04 3.672902499999999653e-04
2.118599999999999817e+00 3.394875000000000323e-04 3.462676000000000252e-04 3.531450000000000214e-04 3.601899999999999785e-04 3.679110000000000084e-04
2.128600000000000048e+00 3.400265000000000080e-04 3.468119999999999992e-04 3.536999999999999780e-04 3.607600000000000086e-04 3.685314999999999663e-04
2.138599999999999834e+00 3.405654999999999837e-04 3.473576000000000029e-04 3.542600000000000133e-04 3.613499999999999742e-04 3.691710000000000065e-04
2.148499999999999854e+00 3.411149999999999621e-04 3.479043999999999822e-04 3.548199999999999943e-04 3.619411999999999695e-04 3.698004999999999977e-04
2.158500000000000085e+00 3.416742500000000127e-04 3.484488000000000103e-04 3.553849999999999999e-04 3.625500000000000033e-04 3.704402499999999605e-04
2.168499999999999872e+00 3.422335000000000091e-04 3.490088000000000456e-04 3.559649999999999707e-04 3.631711999999999831e-04 3.710607499999999726e-04
2.178500000000000103e+00 3.427934999999999901e-04 3.495843999999999796e-04 3.565449999999999956e-04 3.637900000000000118e-04 3.716914999999999564e-04
2.188499999999999890e+00 3.433147499999999845e-04 3.501531999999999800e-04 3.571349999999999612e-04 3.644056000000000335e-04 3.723222499999999944e-04
2.198399999999999910e+00 3.438459999999999737e-04 3.507219999999999804e-04 3.577400000000000003e-04 3.650500000000000099e-04 3.729627499999999419e-04
2.208400000000000141e+00 3.443674999999999991e-04 3.512963999999999930e-04 3.583500000000000097e-04 3.656611999999999948e-04 3.736132499999999927e-04
2.218399999999999928e+00 3.448989999999999652e-04 3.518751999999999882e-04 3.589700000000000139e-04 3.662911999999999939e-04 3.743127499999999476e-04
2.228400000000000158e+00 3.454497500000000445e-04 3.524595999999999957e-04 3.595849999999999936e-04 3.669256000000000297e-04 3.750122500000000110e-04
2.238399999999999945e+00 3.460482499999999813e-04 3.530432000000000015e-04 3.602049999999999978e-04 3.675700000000000061e-04 3.757117500000000201e-04
2.248299999999999965e+00 3.466467499999999723e-04 3.536388000000000335e-04 3.608150000000000072e-04 3.682199999999999948e-04 3.764212499999999698e-04
2.258300000000000196e+00 3.471869999999999947e-04 3.542276000000000235e-04 3.614399999999999818e-04 3.688855999999999906e-04 3.771310000000000049e-04
2.268299999999999983e+00 3.477470000000000300e-04 3.548288000000000136e-04 3.620799999999999757e-04 3.695356000000000335e-04 3.778505000000000036e-04
2.278300000000000214e+00 3.482970000000000163e-04 3.554443999999999811e-04 3.627199999999999695e-04 3.702056000000000118e-04 3.785702499999999793e-04
2.288300000000000001e+00 3.488569999999999974e-04 3.560388000000000376e-04 3.633700000000000124e-04 3.708856000000000392e-04 3.792800000000000143e-04
2.298200000000000021e+00 3.494275000000000354e-04 3.566387999999999980e-04 3.640000000000000115e-04 3.715656000000000124e-04 3.799804999999999849e-04
2.308199999999999807e+00 3.499982499999999960e-04 3.572644000000000145e-04 3.646400000000000054e-04 3.722455999999999855e-04 3.807004999999999916e-04
2.318200000000000038e+00 3.505690000000000108e-04 3.578920000000000083e-04 3.652899999999999940e-04 3.729211999999999761e-04 3.814107499999999803e-04
2.328199999999999825e+00 3.511494999999999894e-04 3.585252000000000144e-04 3.659399999999999827e-04 3.736111999999999983e-04 3.821312499999999948e-04
2.338200000000000056e+00 3.517397500000000402e-04 3.591595999999999960e-04 3.665949999999999960e-04 3.743099999999999856e-04 3.828612499999999963e-04
2.348100000000000076e+00 3.523587500000000287e-04 3.598019999999999951e-04 3.672600000000000040e-04 3.750156000000000149e-04 3.835914999999999746e-04
2.358099999999999863e+00 3.529682499999999760e-04 3.604500000000000065e-04 3.679299999999999823e-04 3.757311999999999848e-04 3.843219999999999839e-04
2.368100000000000094e+00 3.535972499999999593e-04 3.610843999999999881e-04 3.685900000000000201e-04 3.764468000000000089e-04 3.850622500000000113e-04
2.378099999999999881e+00 3.541972499999999739e-04 3.617000000000000098e-04 3.692599999999999984e-04 3.771668000000000156e-04 3.858122500000000024e-04
2.388100000000000112e+00 3.547972499999999885e-04 3.623243999999999966e-04 3.699400000000000258e-04 3.779011999999999996e-04 3.865624999999999704e-04
2.398000000000000131e+00 3.553975000000000341e-04 3.629543999999999956e-04 3.706199999999999989e-04 3.786312000000000011e-04 3.873129999999999694e-04
2.407999999999999918e+00 3.560074999999999893e-04 3.635900000000000069e-04 3.713050000000000508e-04 3.793468000000000252e-04 3.880732499999999864e-04
2.418000000000000149e+00 3.566174999999999987e-04 3.642343999999999834e-04 3.719899999999999943e-04 3.800855999999999918e-04 3.888432499999999671e-04
2.427999999999999936e+00 3.572277499999999850e-04 3.648831999999999965e-04 3.727000000000000061e-04 3.808179999999999985e-04 3.896232499999999969e-04
2.438000000000000167e+00 3.578477499999999892e-04 3.655476000000000168e-04 3.733999999999999689e-04 3.815468000000000245e-04 3.904517499999999772e-04
2.447900000000000187e+00 3.584680000000000245e-04 3.662288000000000197e-04 3.741350000000000491e-04 3.822855999999999910e-04 3.912804999999999886e-04
2.457899999999999974e+00 3.590882500000000055e-04 3.669100000000000226e-04 3.748599999999999719e-04 3.830356000000000364e-04 3.920712499999999979e-04
2.467900000000000205e+00 3.597182500000000046e-04 3.675843999999999835e-04 3.755699999999999837e-04 3.837911999999999856e-04 3.928517499999999813e-04
2.477899999999999991e+00 3.603582499999999984e-04 3.682587999999999986e-04 3.762899999999999904e-04 3.845567999999999838e-04 3.936517500000000008e-04
2.487899999999999778e+00 3.609884999999999743e-04 3.689388000000000259e-04 3.770050000000000267e-04 3.853268000000000188e-04 3.944714999999999788e-04
2.497799999999999798e+00 3.616382499999999862e-04 3.696344000000000062e-04 3.777300000000000037e-04 3.861024000000000118e-04 3.952912500000000111e-04
2.507800000000000029e+00 3.622784999999999569e-04 3.703231999999999986e-04 3.784700000000000000e-04 3.868723999999999926e-04 3.961210000000000382e-04
2.517799999999999816e+00 3.629284999999999998e-04 3.710188000000000331e-04 3.792199999999999911e-04 3.876411999999999978e-04 3.969507500000000111e-04
2.527800000000000047e+00 3.635795000000000042e-04 3.716988000000000063e-04 3.799499999999999926e-04 3.884256000000000102e-04 3.977905000000000330e-04
2.537799999999999834e+00 3.642594999999999774e-04 3.723932000000000110e-04 3.806899999999999889e-04 3.891999999999999735e-04 3.986400000000000186e-04
2.547699999999999854e+00 3.649592500000000176e-04 3.730932000000000280e-04 3.814450000000000045e-04 3.899956000000000104e-04 3.994802499999999942e-04
2.557700000000000085e+00 3.656597500000000425e-04 3.737888000000000083e-04 3.821900000000000254e-04 3.907956000000000298e-04 4.003205000000000240e-04
2.567699999999999871e+00 3.663697500000000001e-04 3.744943999999999834e-04 3.829400000000000165e-04 3.915955999999999951e-04 4.011702499999999865e-04
2.577700000000000102e+00 3.670897500000000068e-04 3.752043999999999952e-04 3.837149999999999676e-04 3.923999999999999971e-04 4.020102499999999852e-04
2.587699999999999889e+00 3.677994999999999876e-04 3.759288000000000386e-04 3.844799999999999780e-04 3.932211999999999817e-04 4.028407499999999970e-04
2.597599999999999909e+00 3.685187500000000095e-04 3.766688000000000349e-04 3.852550000000000375e-04 3.940424000000000205e-04 4.036712500000000088e-04
2.607600000000000140e+00 3.692477499999999952e-04 3.774288000000000209e-04 3.860450000000000079e-04 3.948623999999999754e-04 4.045112500000000075e-04
2.617599999999999927e+00 3.699575000000000303e-04 3.781876000000000313e-04 3.868349999999999783e-04 3.956823999999999845e-04 4.053610000000000243e-04
2.627600000000000158e+00 3.706387499999999960e-04 3.789376000000000224e-04 3.876199999999999785e-04 3.965067999999999761e-04 4.062107499999999868e-04
2.637599999999999945e+00 3.713197500000000391e-04 3.796888000000000433e-04 3.884100000000000031e-04 3.973199999999999974e-04 4.070607499999999803e-04
2.647499999999999964e+00 3.720392500000000379e-04 3.804443999999999925e-04 3.891899999999999787e-04 3.981300000000000117e-04 4.079207499999999687e-04
2.657500000000000195e+00 3.727780000000000416e-04 3.811943999999999836e-04 3.899700000000000085e-04 3.989856000000000175e-04 4.087805000000000345e-04
2.667499999999999982e+00 3.735167499999999911e-04 3.819443999999999747e-04 3.907700000000000279e-04 3.998267999999999918e-04 4.096505000000000177e-04
2.677500000000000213e+00 3.742270000000000340e-04 3.826931999999999903e-04 3.915799999999999880e-04 4.006680000000000202e-04 4.105202499999999698e-04
2.687500000000000000e+00 3.749275000000000047e-04 3.834431999999999814e-04 3.923950000000000268e-04 4.015180000000000138e-04 4.113902499999999530e-04
2.697400000000000020e+00 3.756282500000000064e-04 3.842032000000000216e-04 3.932100000000000113e-04 4.023511999999999705e-04 4.122702499999999852e-04
2.707399999999999807e+00 3.763387500000000261e-04 3.849675999999999901e-04 3.940350000000000449e-04 4.032056000000000008e-04 4.131599999999999813e-04
2.717400000000000038e+00 3.770492499999999916e-04 3.857444000000000129e-04 3.948549999999999998e-04 4.040756000000000382e-04 4.140402499999999903e-04
2.727399999999999824e+00 3.777599999999999882e-04 3.865243999999999885e-04 3.956850000000000037e-04 4.049424000000000144e-04 4.149302499999999632e-04
2.737400000000000055e+00 3.784992499999999998e-04 3.872888000000000112e-04 3.965250000000000025e-04 4.058180000000000099e-04 4.158302499999999850e-04
2.747300000000000075e+00 3.792387499999999882e-04 3.880632000000000287e-04 3.973750000000000502e-04 4.066923999999999756e-04 4.167302499999999527e-04
2.757299999999999862e+00 3.799895000000000182e-04 3.888531999999999991e-04 3.982049999999999999e-04 4.075611999999999833e-04 4.176305000000000056e-04
2.767300000000000093e+00 3.807497500000000352e-04 3.896543999999999941e-04 3.990399999999999741e-04 4.084399999999999858e-04 4.185307500000000043e-04
2.777299999999999880e+00 3.815389999999999667e-04 3.904576000000000205e-04 3.998800000000000271e-04 4.093356000000000251e-04 4.194507499999999616e-04
2.787300000000000111e+00 3.823282500000000066e-04 3.912688000000000103e-04 4.007249999999999961e-04 4.102455999999999876e-04 4.203804999999999912e-04
2.797200000000000131e+00 3.830882499999999926e-04 3.920843999999999827e-04 4.015800000000000142e-04 4.111556000000000043e-04 4.213199999999999844e-04
2.807199999999999918e+00 3.838192500000000098e-04 3.929043999999999918e-04 4.024350000000000323e-04 4.120856000000000107e-04 4.222602499999999624e-04
2.817200000000000149e+00 3.845599999999999908e-04 3.937232000000000253e-04 4.032999999999999910e-04 4.130156000000000170e-04 4.232204999999999843e-04
2.827199999999999935e+00 3.853495000000000076e-04 3.945343999999999609e-04 4.041699999999999742e-04 4.139256000000000337e-04 4.241710000000000424e-04
2.837200000000000166e+00 3.861294999999999832e-04 3.953588000000000068e-04 4.050199999999999677e-04 4.148499999999999736e-04 4.251407499999999970e-04
2.847100000000000186e+00 3.869297500000000336e-04 3.961920000000000177e-04 4.058800000000000103e-04 4.157923999999999800e-04 4.261002499999999799e-04
2.857099999999999973e+00 3.877492500000000349e-04 3.970307999999999867e-04 4.067450000000000232e-04 4.166999999999999914e-04 4.270507499999999837e-04
2.867100000000000204e+00 3.885784999999999999e-04 3.978852000000000170e-04 4.076149999999999522e-04 4.176211999999999785e-04 4.280210000000000004e-04
2.877099999999999991e+00 3.893980000000000011e-04 3.987519999999999932e-04 4.084950000000000386e-04 4.185611999999999796e-04 4.290010000000000351e-04
2.887100000000000222e+00 3.902369999999999841e-04 3.996143999999999868e-04 4.093899999999999818e-04 4.194856000000000279e-04 4.299810000000000155e-04
2.896999999999999797e+00 3.910664999999999801e-04 4.004788000000000119e-04 4.102999999999999985e-04 4.204456000000000187e-04 4.309612499999999728e-04
2.907000000000000028e+00 3.919057499999999941e-04 4.013288000000000055e-04 4.112000000000000204e-04 4.213856000000000199e-04 4.319514999999999791e-04
2.916999999999999815e+00 3.927549999999999488e-04 4.021963999999999834e-04 4.120899999999999932e-04 4.223256000000000210e-04 4.329514999999999492e-04
2.927000000000000046e+00 3.935945000000000481e-04 4.030608000000000086e-04 4.129999999999999557e-04 4.232700000000000047e-04 4.339417500000000098e-04
2.936999999999999833e+00 3.944535000000000207e-04 4.039164000000000144e-04 4.139249999999999917e-04 4.242367999999999834e-04 4.349517499999999747e-04
2.946899999999999853e+00 3.953030000000000064e-04 4.047775999999999783e-04 4.148549999999999981e-04 4.252123999999999813e-04 4.359519999999999758e-04
2.956900000000000084e+00 3.961232499999999923e-04 4.056387999999999964e-04 4.158000000000000237e-04 4.261800000000000158e-04 4.369622500000000260e-04
2.966899999999999871e+00 3.969339999999999913e-04 4.065000000000000145e-04 4.167400000000000249e-04 4.271611999999999718e-04 4.379822499999999857e-04
2.976900000000000102e+00 3.977445000000000134e-04 4.073931999999999944e-04 4.176699999999999770e-04 4.281323999999999872e-04 4.390024999999999765e-04
2.986899999999999888e+00 3.985652500000000072e-04 4.082908000000000110e-04 4.185999999999999834e-04 4.291079999999999851e-04 4.400324999999999853e-04
