# S(E)
# E  2.5%  16%  50%  84%  97.5%
9.267100000000000337e-02 5.244557499999999905e-04 5.330787999999999282e-04 5.420749999999999354e-04 5.520167999999999560e-04 5.621575000000000400e-04
1.026500000000000051e-01 5.216595000000000086e-04 5.302187999999999997e-04 5.391499999999999591e-04 5.489212000000000258e-04 5.589965000000000342e-04
1.126299999999999940e-01 5.188144999999999910e-04 5.273176000000000078e-04 5.361949999999999442e-04 5.458411999999999943e-04 5.557604999999999316e-04
1.226099999999999968e-01 5.158472500000000271e-04 5.243999999999999530e-04 5.332099999999999991e-04 5.427356000000000151e-04 5.525044999999999479e-04
1.325900000000000134e-01 5.130107500000000891e-04 5.214651999999999959e-04 5.301799999999999959e-04 5.395956000000000146e-04 5.493100000000000109e-04
1.425700000000000023e-01 5.102235000000000320e-04 5.184243999999999962e-04 5.271300000000000031e-04 5.364099999999999684e-04 5.461362499999999941e-04
1.525499999999999912e-01 5.073452500000000601e-04 5.154731999999999760e-04 5.240100000000001007e-04 5.331999999999999500e-04 5.429059999999999008e-04
1.625300000000000078e-01 5.044379999999999567e-04 5.124595999999999275e-04 5.209249999999999905e-04 5.300003999999999002e-04 5.396320000000000673e-04
1.725099999999999967e-01 5.015269999999999841e-04 5.093844000000000150e-04 5.177999999999999010e-04 5.267435999999999690e-04 5.362820000000000130e-04
1.824900000000000133e-01 4.984887499999999865e-04 5.062919999999999834e-04 5.146099999999999806e-04 5.234055999999999952e-04 5.328092499999999504e-04
1.924700000000000022e-01 4.954132499999999717e-04 5.030408000000000102e-04 5.113799999999999726e-04 5.201567999999999730e-04 5.293669999999999886e-04
2.024499999999999911e-01 4.922977499999999776e-04 4.998344000000000268e-04 5.081149999999999556e-04 5.167699999999999464e-04 5.259789999999999865e-04
2.124300000000000077e-01 4.891522500000000532e-04 4.966143999999999593e-04 5.047849999999999993e-04 5.133655999999999896e-04 5.224839999999999259e-04
2.224099999999999966e-01 4.859970000000000023e-04 4.933787999999999932e-04 5.014749999999999243e-04 5.099379999999999278e-04 5.188684999999999738e-04
2.323900000000000132e-01 4.828162499999999837e-04 4.901120000000000129e-04 4.981350000000000274e-04 5.065167999999999884e-04 5.153612499999999643e-04
2.423700000000000021e-01 4.795845000000000294e-04 4.868200000000000045e-04 4.947499999999999641e-04 5.030660000000000383e-04 5.118312500000000032e-04
2.523500000000000187e-01 4.762680000000000147e-04 4.834688000000000288e-04 4.913899999999999692e-04 4.995979999999999692e-04 5.082712500000000034e-04
2.623300000000000076e-01 4.729717500000000206e-04 4.800976000000000093e-04 4.879850000000000246e-04 4.961355999999999666e-04 5.047012499999999546e-04
2.723099999999999965e-01 4.696397499999999787e-04 4.767688000000000286e-04 4.845750000000000014e-04 4.925923999999999494e-04 5.010810000000000090e-04
2.822899999999999854e-01 4.663052500000000058e-04 4.733699999999999757e-04 4.811550000000000375e-04 4.890311999999999741e-04 4.974765000000000133e-04
2.922699999999999743e-01 4.629789999999999730e-04 4.700043999999999685e-04 4.777299999999999949e-04 4.856115999999999840e-04 4.938829999999999739e-04
3.022500000000000187e-01 4.596572499999999569e-04 4.666332000000000032e-04 4.742799999999999924e-04 4.822035999999999922e-04 4.902657499999999672e-04
3.122300000000000075e-01 4.563745000000000128e-04 4.632488000000000361e-04 4.708199999999999950e-04 4.785856000000000008e-04 4.866127500000000210e-04
3.222099999999999964e-01 4.530342500000000307e-04 4.599000000000000115e-04 4.673750000000000170e-04 4.750267999999999765e-04 4.829229999999999569e-04
3.321899999999999853e-01 4.497389999999999981e-04 4.565307999999999693e-04 4.639199999999999899e-04 4.715224000000000173e-04 4.793110000000000057e-04
3.421699999999999742e-01 4.464562499999999998e-04 4.531943999999999990e-04 4.604400000000000029e-04 4.680255999999999935e-04 4.756837500000000041e-04
3.521500000000000186e-01 4.431172500000000103e-04 4.498231999999999795e-04 4.569999999999999952e-04 4.644699999999999762e-04 4.720512499999999470e-04
3.621300000000000074e-01 4.398117500000000061e-04 4.464399999999999879e-04 4.535449999999999681e-04 4.610368000000000105e-04 4.684387499999999880e-04
3.721099999999999963e-01 4.365400000000000183e-04 4.432143999999999624e-04 4.501649999999999836e-04 4.575968000000000028e-04 4.649232499999999299e-04
3.820899999999999852e-01 4.332762499999999939e-04 4.399100000000000081e-04 4.468049999999999886e-04 4.541880000000000092e-04 4.614839999999999611e-04
3.920699999999999741e-01 4.300917499999999975e-04 4.366199999999999769e-04 4.434899999999999975e-04 4.507347999999999997e-04 4.580637500000000204e-04
4.020500000000000185e-01 4.269279999999999755e-04 4.334000000000000179e-04 4.401900000000000257e-04 4.473324000000000202e-04 4.545519999999999400e-04
4.120300000000000074e-01 4.237752500000000182e-04 4.301500000000000202e-04 4.368800000000000049e-04 4.440299999999999889e-04 4.511054999999999926e-04
4.220099999999999962e-01 4.206335000000000174e-04 4.269232000000000192e-04 4.336350000000000317e-04 4.407112000000000030e-04 4.477047499999999795e-04
4.319899999999999851e-01 4.174862499999999841e-04 4.237219999999999659e-04 4.304399999999999784e-04 4.374668000000000176e-04 4.444927500000000380e-04
4.419699999999999740e-01 4.143407500000000055e-04 4.206120000000000041e-04 4.272899999999999832e-04 4.342424000000000219e-04 4.412554999999999971e-04
4.519500000000000184e-01 4.112789999999999632e-04 4.175443999999999727e-04 4.242350000000000201e-04 4.310324000000000035e-04 4.380210000000000267e-04
4.619300000000000073e-01 4.083262500000000108e-04 4.144688000000000322e-04 4.211249999999999499e-04 4.278411999999999992e-04 4.348175000000000022e-04
4.719099999999999961e-01 4.054262499999999945e-04 4.114719999999999663e-04 4.181249999999999854e-04 4.247611999999999677e-04 4.316410000000000234e-04
4.818899999999999850e-01 4.025662500000000118e-04 4.085488000000000075e-04 4.151699999999999705e-04 4.217423999999999891e-04 4.284882500000000119e-04
4.918699999999999739e-01 3.997517499999999864e-04 4.056643999999999983e-04 4.122349999999999994e-04 4.187500000000000141e-04 4.254500000000000144e-04
5.018500000000000183e-01 3.969600000000000212e-04 4.028643999999999845e-04 4.093599999999999973e-04 4.158524000000000031e-04 4.224510000000000114e-04
5.118300000000000072e-01 3.942390000000000044e-04 4.001243999999999938e-04 4.065499999999999886e-04 4.130180000000000223e-04 4.194509999999999927e-04
5.218099999999999961e-01 3.915317500000000143e-04 3.974100000000000050e-04 4.037650000000000483e-04 4.102099999999999909e-04 4.165810000000000151e-04
5.317899999999999849e-01 3.889352500000000062e-04 3.946951999999999882e-04 4.010600000000000124e-04 4.074667999999999931e-04 4.137300000000000114e-04
5.417699999999999738e-01 3.863770000000000312e-04 3.920244000000000137e-04 3.983999999999999803e-04 4.047999999999999732e-04 4.109182500000000023e-04
5.517499999999999627e-01 3.838542500000000188e-04 3.894699999999999963e-04 3.957350000000000321e-04 4.021623999999999902e-04 4.082137499999999742e-04
5.617299999999999516e-01 3.813272499999999666e-04 3.868876000000000259e-04 3.931450000000000179e-04 3.995480000000000038e-04 4.055355000000000071e-04
5.717100000000000515e-01 3.789497499999999915e-04 3.843720000000000123e-04 3.906199999999999972e-04 3.970000000000000005e-04 4.029164999999999700e-04
5.816900000000000404e-01 3.765535000000000193e-04 3.818919999999999954e-04 3.881499999999999751e-04 3.944724000000000147e-04 4.003602499999999722e-04
5.916700000000000292e-01 3.742117499999999836e-04 3.795299999999999932e-04 3.857299999999999813e-04 3.920268000000000190e-04 3.978639999999999976e-04
6.016500000000000181e-01 3.719272500000000091e-04 3.772388000000000108e-04 3.833600000000000159e-04 3.896400000000000167e-04 3.954249999999999757e-04
6.116300000000000070e-01 3.696872499999999764e-04 3.750100000000000026e-04 3.810449999999999948e-04 3.872756000000000093e-04 3.930387499999999442e-04
6.216099999999999959e-01 3.674799999999999985e-04 3.728343999999999756e-04 3.787999999999999918e-04 3.850055999999999921e-04 3.907097499999999737e-04
6.315899999999999848e-01 3.653472500000000010e-04 3.706988000000000362e-04 3.765899999999999977e-04 3.827656000000000136e-04 3.884279999999999612e-04
6.415699999999999736e-01 3.633007499999999792e-04 3.685800000000000252e-04 3.744300000000000319e-04 3.805923999999999917e-04 3.861952499999999613e-04
6.515499999999999625e-01 3.612490000000000102e-04 3.665063999999999779e-04 3.723299999999999809e-04 3.784600000000000052e-04 3.840124999999999355e-04
6.615299999999999514e-01 3.592572500000000102e-04 3.645343999999999906e-04 3.703000000000000020e-04 3.764456000000000334e-04 3.818969999999999657e-04
6.715100000000000513e-01 3.573334999999999966e-04 3.625643999999999807e-04 3.683150000000000269e-04 3.744700000000000112e-04 3.798567499999999609e-04
6.814900000000000402e-01 3.554625000000000276e-04 3.606543999999999939e-04 3.663800000000000260e-04 3.725555999999999876e-04 3.778737500000000173e-04
6.914700000000000291e-01 3.536424999999999942e-04 3.587999999999999935e-04 3.645100000000000185e-04 3.706256000000000112e-04 3.759427500000000252e-04
7.014500000000000179e-01 3.518407500000000042e-04 3.569644000000000072e-04 3.626750000000000199e-04 3.687556000000000037e-04 3.741027500000000021e-04
7.114300000000000068e-01 3.500600000000000196e-04 3.552443999999999763e-04 3.608999999999999903e-04 3.669456000000000193e-04 3.722827500000000229e-04
7.214099999999999957e-01 3.483100000000000042e-04 3.535443999999999891e-04 3.591650000000000485e-04 3.651811999999999723e-04 3.705399999999999861e-04
7.313899999999999846e-01 3.466672499999999698e-04 3.518476000000000090e-04 3.575050000000000406e-04 3.634600000000000200e-04 3.688010000000000355e-04
7.413699999999999735e-01 3.450789999999999804e-04 3.502343999999999683e-04 3.558599999999999979e-04 3.618080000000000298e-04 3.670864999999999827e-04
7.513499999999999623e-01 3.434972499999999849e-04 3.486143999999999940e-04 3.542550000000000429e-04 3.602256000000000295e-04 3.654554999999999978e-04
7.613299999999999512e-01 3.419645000000000020e-04 3.470343999999999990e-04 3.527100000000000027e-04 3.586355999999999854e-04 3.638627499999999917e-04
7.713100000000000511e-01 3.404817499999999932e-04 3.455531999999999766e-04 3.512100000000000204e-04 3.570711999999999975e-04 3.622992499999999855e-04
7.812900000000000400e-01 3.390435000000000345e-04 3.441076000000000052e-04 3.497749999999999774e-04 3.555611999999999662e-04 3.607847499999999917e-04
7.912700000000000289e-01 3.376335000000000057e-04 3.426931999999999938e-04 3.483650000000000028e-04 3.541356000000000386e-04 3.593075000000000153e-04
8.012500000000000178e-01 3.362445000000000364e-04 3.413231999999999985e-04 3.470050000000000022e-04 3.527511999999999575e-04 3.578702499999999640e-04
8.112300000000000066e-01 3.349234999999999994e-04 3.399931999999999824e-04 3.456750000000000404e-04 3.513855999999999989e-04 3.564730000000000004e-04
8.212099999999999955e-01 3.336190000000000054e-04 3.387088000000000121e-04 3.443799999999999791e-04 3.500800000000000092e-04 3.551910000000000353e-04
8.311899999999999844e-01 3.323644999999999855e-04 3.374599999999999844e-04 3.431299999999999758e-04 3.488111999999999918e-04 3.539365000000000154e-04
8.411699999999999733e-01 3.312179999999999855e-04 3.362588000000000339e-04 3.419049999999999867e-04 3.475956000000000098e-04 3.527039999999999624e-04
8.511499999999999622e-01 3.301014999999999700e-04 3.351200000000000034e-04 3.407450000000000452e-04 3.464156000000000245e-04 3.514794999999999812e-04
8.611299999999999510e-01 3.290070000000000299e-04 3.340043999999999695e-04 3.396100000000000095e-04 3.452856000000000133e-04 3.502884999999999853e-04
8.711100000000000509e-01 3.279352500000000414e-04 3.328988000000000389e-04 3.384850000000000228e-04 3.441799999999999742e-04 3.491375000000000229e-04
8.810900000000000398e-01 3.269007500000000160e-04 3.318643999999999934e-04 3.374349999999999702e-04 3.430999999999999914e-04 3.480337500000000184e-04
8.910700000000000287e-01 3.258989999999999912e-04 3.308388000000000214e-04 3.364149999999999563e-04 3.420356000000000156e-04 3.469909999999999987e-04
9.010500000000000176e-01 3.249272500000000051e-04 3.298588000000000410e-04 3.354100000000000159e-04 3.410156000000000016e-04 3.460065000000000016e-04
9.110300000000000065e-01 3.239772500000000091e-04 3.288776000000000308e-04 3.344650000000000444e-04 3.400311999999999844e-04 3.450547500000000051e-04
9.210099999999999953e-01 3.230617500000000143e-04 3.279544000000000122e-04 3.335200000000000187e-04 3.391011999999999781e-04 3.441154999999999887e-04
9.309899999999999842e-01 3.221645000000000086e-04 3.270500000000000078e-04 3.325900000000000124e-04 3.381756000000000085e-04 3.431692500000000246e-04
9.409699999999999731e-01 3.213017500000000040e-04 3.261988000000000387e-04 3.317199999999999750e-04 3.373299999999999975e-04 3.423092499999999820e-04
9.509499999999999620e-01 3.204717500000000001e-04 3.254043999999999773e-04 3.308949999999999956e-04 3.364756000000000214e-04 3.414810000000000328e-04
9.609299999999999509e-01 3.196689999999999645e-04 3.246244000000000018e-04 3.300949999999999761e-04 3.356400000000000052e-04 3.406754999999999809e-04
9.709100000000000508e-01 3.189099999999999943e-04 3.238543999999999668e-04 3.293200000000000250e-04 3.348499999999999806e-04 3.398892499999999883e-04
9.808900000000000396e-01 3.182207500000000110e-04 3.231143999999999705e-04 3.285699999999999797e-04 3.340999999999999894e-04 3.391219999999999695e-04
9.908700000000000285e-01 3.174962499999999877e-04 3.223899999999999813e-04 3.278450000000000027e-04 3.333855999999999951e-04 3.383847499999999894e-04
1.000799999999999912e+00 3.176172499999999955e-04 3.225743999999999790e-04 3.281049999999999765e-04 3.336967999999999727e-04 3.387529999999999600e-04
1.010799999999999921e+00 3.169517499999999796e-04 3.219388000000000219e-04 3.274400000000000227e-04 3.330456000000000085e-04 3.380767499999999645e-04
1.020799999999999930e+00 3.163089999999999695e-04 3.213299999999999880e-04 3.267949999999999501e-04 3.324156000000000094e-04 3.374304999999999536e-04
1.030799999999999939e+00 3.156917499999999815e-04 3.207299999999999734e-04 3.261699999999999756e-04 3.318111999999999581e-04 3.367877499999999435e-04
1.040799999999999947e+00 3.151389999999999790e-04 3.201488000000000272e-04 3.255900000000000048e-04 3.312100000000000222e-04 3.361812499999999892e-04
1.050699999999999967e+00 3.146107499999999829e-04 3.196343999999999835e-04 3.250400000000000186e-04 3.306567999999999747e-04 3.355974999999999865e-04
1.060699999999999976e+00 3.140617500000000123e-04 3.191288000000000132e-04 3.245150000000000465e-04 3.301336000000000201e-04 3.350510000000000012e-04
1.070699999999999985e+00 3.135489999999999892e-04 3.186188000000000063e-04 3.240299999999999995e-04 3.296155999999999956e-04 3.345154999999999722e-04
1.080699999999999994e+00 3.130707500000000213e-04 3.181276000000000134e-04 3.235550000000000015e-04 3.291511999999999802e-04 3.340327500000000419e-04
1.090700000000000003e+00 3.126280000000000161e-04 3.176887999999999999e-04 3.230999999999999931e-04 3.287156000000000279e-04 3.335899999999999825e-04
1.100600000000000023e+00 3.122007499999999839e-04 3.172744000000000128e-04 3.226849999999999640e-04 3.282956000000000285e-04 3.331582499999999878e-04
1.110600000000000032e+00 3.117645000000000268e-04 3.168744000000000031e-04 3.222750000000000137e-04 3.278800000000000117e-04 3.327482499999999833e-04
1.120600000000000041e+00 3.113617500000000009e-04 3.164843999999999882e-04 3.219050000000000427e-04 3.274956000000000091e-04 3.323527499999999902e-04
1.130600000000000049e+00 3.109962499999999923e-04 3.161187999999999997e-04 3.215600000000000316e-04 3.271468000000000032e-04 3.319727500000000243e-04
1.140600000000000058e+00 3.106272499999999828e-04 3.157988000000000028e-04 3.212099999999999960e-04 3.267899999999999798e-04 3.316300000000000216e-04
1.150500000000000078e+00 3.102962499999999753e-04 3.154888000000000007e-04 3.208949999999999693e-04 3.264656000000000003e-04 3.313327500000000305e-04
1.160500000000000087e+00 3.099962500000000222e-04 3.151799999999999741e-04 3.206049999999999569e-04 3.261856000000000369e-04 3.310482499999999962e-04
1.170500000000000096e+00 3.097207500000000212e-04 3.148900000000000158e-04 3.203300000000000179e-04 3.259056000000000192e-04 3.307937500000000005e-04
1.180500000000000105e+00 3.094579999999999770e-04 3.146088000000000226e-04 3.200699999999999899e-04 3.256656000000000351e-04 3.305564999999999784e-04
1.190499999999999892e+00 3.092179999999999929e-04 3.143688000000000385e-04 3.198250000000000355e-04 3.254500000000000231e-04 3.303347499999999834e-04
1.200399999999999912e+00 3.089952500000000364e-04 3.141500000000000195e-04 3.196100000000000113e-04 3.252411999999999990e-04 3.301374999999999948e-04
1.210399999999999920e+00 3.087997499999999939e-04 3.139543999999999972e-04 3.194000000000000116e-04 3.250556000000000257e-04 3.299702499999999906e-04
1.220399999999999929e+00 3.086097499999999839e-04 3.137943999999999716e-04 3.192250000000000209e-04 3.248899999999999878e-04 3.298229999999999760e-04
1.230399999999999938e+00 3.084297499999999687e-04 3.136344000000000003e-04 3.190849999999999850e-04 3.247311999999999920e-04 3.296919999999999734e-04
1.240399999999999947e+00 3.082507499999999692e-04 3.134775999999999817e-04 3.189449999999999490e-04 3.245923999999999858e-04 3.295682500000000036e-04
1.250299999999999967e+00 3.080817500000000188e-04 3.133388000000000297e-04 3.188250000000000112e-04 3.244756000000000007e-04 3.294627500000000229e-04
1.260299999999999976e+00 3.079299999999999876e-04 3.132200000000000132e-04 3.187099999999999894e-04 3.243799999999999809e-04 3.293537499999999872e-04
1.270299999999999985e+00 3.077917500000000063e-04 3.131044000000000036e-04 3.185949999999999676e-04 3.243100000000000171e-04 3.292675000000000116e-04
1.280299999999999994e+00 3.076617500000000194e-04 3.130300000000000031e-04 3.185400000000000232e-04 3.242499999999999940e-04 3.291984999999999551e-04
1.290300000000000002e+00 3.075490000000000060e-04 3.129799999999999748e-04 3.184999999999999897e-04 3.241755999999999934e-04 3.291567499999999754e-04
1.300200000000000022e+00 3.074589999999999984e-04 3.129499999999999903e-04 3.184449999999999911e-04 3.241300000000000019e-04 3.291322499999999691e-04
1.310200000000000031e+00 3.073945000000000128e-04 3.129200000000000059e-04 3.184300000000000260e-04 3.240956000000000349e-04 3.291277499999999525e-04
1.320200000000000040e+00 3.073372500000000058e-04 3.129043999999999988e-04 3.184300000000000260e-04 3.240755999999999910e-04 3.291377499999999473e-04
1.330200000000000049e+00 3.073117499999999838e-04 3.128944000000000039e-04 3.184400000000000208e-04 3.240868000000000156e-04 3.291577499999999369e-04
1.340200000000000058e+00 3.072934999999999946e-04 3.128744000000000143e-04 3.184449999999999911e-04 3.241156000000000245e-04 3.291894999999999761e-04
1.350100000000000078e+00 3.072980000000000112e-04 3.128963999999999812e-04 3.184550000000000401e-04 3.241456000000000090e-04 3.292312499999999558e-04
1.360100000000000087e+00 3.073097500000000065e-04 3.129308000000000024e-04 3.184849999999999704e-04 3.241799999999999760e-04 3.292929999999999794e-04
1.370100000000000096e+00 3.073470000000000238e-04 3.129876000000000186e-04 3.185500000000000180e-04 3.242611999999999643e-04 3.293719999999999764e-04
1.380100000000000104e+00 3.066944999999999958e-04 3.123544000000000125e-04 3.178449999999999765e-04 3.235579999999999945e-04 3.285922499999999777e-04
1.390099999999999891e+00 3.067400000000000074e-04 3.124399999999999834e-04 3.179450000000000331e-04 3.236447999999999951e-04 3.287212499999999488e-04
1.399999999999999911e+00 3.068489999999999890e-04 3.125199999999999961e-04 3.180649999999999710e-04 3.237823999999999715e-04 3.288529999999999904e-04
1.409999999999999920e+00 3.069752499999999981e-04 3.126275999999999881e-04 3.181949999999999579e-04 3.239156000000000197e-04 3.289992499999999892e-04
1.419999999999999929e+00 3.071042500000000235e-04 3.127319999999999731e-04 3.183500000000000132e-04 3.240456000000000066e-04 3.291554999999999828e-04
1.429999999999999938e+00 3.072314999999999942e-04 3.128576000000000317e-04 3.184999999999999897e-04 3.241868000000000180e-04 3.293182499999999704e-04
1.439999999999999947e+00 3.073514999999999863e-04 3.129887999999999941e-04 3.186500000000000205e-04 3.243367999999999945e-04 3.294819999999999737e-04
1.449899999999999967e+00 3.074842499999999893e-04 3.131364000000000196e-04 3.187850000000000319e-04 3.245111999999999975e-04 3.296464999999999617e-04
1.459899999999999975e+00 3.076270000000000415e-04 3.133044000000000085e-04 3.189549999999999981e-04 3.246999999999999778e-04 3.298255000000000154e-04
1.469899999999999984e+00 3.077852500000000124e-04 3.134775999999999817e-04 3.191399999999999836e-04 3.249200000000000265e-04 3.300164999999999869e-04
1.479899999999999993e+00 3.079772499999999997e-04 3.136688000000000215e-04 3.193399999999999885e-04 3.251323999999999772e-04 3.302692499999999821e-04
1.489900000000000002e+00 3.082152500000000066e-04 3.138743999999999844e-04 3.195299999999999985e-04 3.253500000000000207e-04 3.305254999999999782e-04
1.499800000000000022e+00 3.084704999999999869e-04 3.140988000000000157e-04 3.197550000000000175e-04 3.256067999999999875e-04 3.307882499999999682e-04
1.509800000000000031e+00 3.087257500000000214e-04 3.143131999999999979e-04 3.199899999999999771e-04 3.258499999999999786e-04 3.310699999999999863e-04
1.519800000000000040e+00 3.089212500000000096e-04 3.145499999999999750e-04 3.202400000000000103e-04 3.261480000000000086e-04 3.313437499999999868e-04
1.529800000000000049e+00 3.091267499999999927e-04 3.147832000000000256e-04 3.205149999999999492e-04 3.264056000000000314e-04 3.316319999999999446e-04
1.539800000000000058e+00 3.093422499999999705e-04 3.150388000000000168e-04 3.207899999999999966e-04 3.267000000000000264e-04 3.319329999999999677e-04
1.549700000000000077e+00 3.095649999999999812e-04 3.153088000000000397e-04 3.210850000000000336e-04 3.270155999999999866e-04 3.322439999999999855e-04
1.559700000000000086e+00 3.097932499999999701e-04 3.155543999999999819e-04 3.213900000000000112e-04 3.273212000000000062e-04 3.325649999999999982e-04
1.569700000000000095e+00 3.100387499999999867e-04 3.158488000000000311e-04 3.216949999999999888e-04 3.276611999999999927e-04 3.329032499999999301e-04
1.579700000000000104e+00 3.102997499999999762e-04 3.161543999999999965e-04 3.220150000000000399e-04 3.279911999999999845e-04 3.332804999999999882e-04
1.589699999999999891e+00 3.105679999999999986e-04 3.164588000000000405e-04 3.223200000000000175e-04 3.283200000000000007e-04 3.336604999999999541e-04
1.599599999999999911e+00 3.108417499999999991e-04 3.167719999999999954e-04 3.226649999999999744e-04 3.286599999999999873e-04 3.340549999999999856e-04
1.609599999999999920e+00 3.111300000000000112e-04 3.170951999999999994e-04 3.230299999999999751e-04 3.289999999999999739e-04 3.344539999999999796e-04
1.619599999999999929e+00 3.114417500000000137e-04 3.174283999999999981e-04 3.234000000000000004e-04 3.293699999999999991e-04 3.348629999999999684e-04
1.629599999999999937e+00 3.117707499999999897e-04 3.177660000000000337e-04 3.237599999999999766e-04 3.297600000000000140e-04 3.352747499999999734e-04
1.639599999999999946e+00 3.121080000000000143e-04 3.181248000000000344e-04 3.241350000000000264e-04 3.301600000000000238e-04 3.357037500000000061e-04
1.649499999999999966e+00 3.124552500000000337e-04 3.184835999999999809e-04 3.245200000000000168e-04 3.305699999999999741e-04 3.361327500000000387e-04
1.659499999999999975e+00 3.128152500000000100e-04 3.188536000000000061e-04 3.249150000000000020e-04 3.309899999999999735e-04 3.365337500000000100e-04
1.669499999999999984e+00 3.131825000000000190e-04 3.192235999999999772e-04 3.253199999999999820e-04 3.314200000000000219e-04 3.369419999999999599e-04
1.679499999999999993e+00 3.135497499999999739e-04 3.195903999999999954e-04 3.257499999999999762e-04 3.318600000000000109e-04 3.373602499999999588e-04
1.689500000000000002e+00 3.139370000000000268e-04 3.199684000000000382e-04 3.261549999999999562e-04 3.322999999999999999e-04 3.377884999999999525e-04
1.699400000000000022e+00 3.143379999999999981e-04 3.203664000000000164e-04 3.265949999999999995e-04 3.327555999999999960e-04 3.382239999999999791e-04
1.709400000000000031e+00 3.147199999999999954e-04 3.207643999999999947e-04 3.270550000000000323e-04 3.332156000000000289e-04 3.387084999999999640e-04
1.719400000000000039e+00 3.151380000000000175e-04 3.211719999999999939e-04 3.275150000000000110e-04 3.336811999999999656e-04 3.392075000000000146e-04
1.729400000000000048e+00 3.155514999999999687e-04 3.216008000000000126e-04 3.279900000000000090e-04 3.341711999999999829e-04 3.397192500000000221e-04
1.739400000000000057e+00 3.159760000000000390e-04 3.220664000000000035e-04 3.284450000000000173e-04 3.346568000000000177e-04 3.402310000000000295e-04
1.749300000000000077e+00 3.164060000000000331e-04 3.225144000000000101e-04 3.289000000000000257e-04 3.351380000000000157e-04 3.407527500000000317e-04
1.759300000000000086e+00 3.168432500000000060e-04 3.229899999999999959e-04 3.293899999999999888e-04 3.356435999999999860e-04 3.412782500000000117e-04
1.769300000000000095e+00 3.172904999999999736e-04 3.234900000000000080e-04 3.298999999999999958e-04 3.361547999999999685e-04 3.418065000000000079e-04
1.779300000000000104e+00 3.177477500000000445e-04 3.240000000000000150e-04 3.303649999999999989e-04 3.366703999999999877e-04 3.423447499999999989e-04
1.789299999999999891e+00 3.182232499999999961e-04 3.245031999999999799e-04 3.308649999999999569e-04 3.372047999999999669e-04 3.428857500000000061e-04
1.799199999999999910e+00 3.187069999999999964e-04 3.250143999999999624e-04 3.313799999999999884e-04 3.377580000000000144e-04 3.434439999999999867e-04
1.809199999999999919e+00 3.191979999999999752e-04 3.255188000000000114e-04 3.319049999999999605e-04 3.383212000000000025e-04 3.440022499999999673e-04
1.819199999999999928e+00 3.196962499999999869e-04 3.260319999999999711e-04 3.324450000000000061e-04 3.388956000000000151e-04 3.445732499999999590e-04
1.829199999999999937e+00 3.202072500000000097e-04 3.265564000000000097e-04 3.329750000000000027e-04 3.394611999999999543e-04 3.451487499999999673e-04
1.839199999999999946e+00 3.207317500000000281e-04 3.270775999999999870e-04 3.335150000000000484e-04 3.400300000000000089e-04 3.457214999999999594e-04
1.849099999999999966e+00 3.212707500000000038e-04 3.276043999999999766e-04 3.340600000000000101e-04 3.406155999999999919e-04 3.463142499999999411e-04
1.859099999999999975e+00 3.218170000000000123e-04 3.281488000000000048e-04 3.346199999999999912e-04 3.412056000000000117e-04 3.469404999999999625e-04
1.869099999999999984e+00 3.223035000000000288e-04 3.287300000000000053e-04 3.351900000000000213e-04 3.417768000000000173e-04 3.475612499999999514e-04
1.879099999999999993e+00 3.227817499999999966e-04 3.292864000000000056e-04 3.357850000000000114e-04 3.423691999999999881e-04 3.481865000000000112e-04
1.889100000000000001e+00 3.232942499999999887e-04 3.298595999999999885e-04 3.363650000000000364e-04 3.429700000000000045e-04 3.488154999999999945e-04
1.899000000000000021e+00 3.238094999999999971e-04 3.304307999999999941e-04 3.369749999999999916e-04 3.435880000000000314e-04 3.494710000000000156e-04
1.909000000000000030e+00 3.243447499999999950e-04 3.309976000000000172e-04 3.375850000000000010e-04 3.442335999999999833e-04 3.501582499999999674e-04
1.919000000000000039e+00 3.249020000000000141e-04 3.315743999999999810e-04 3.382100000000000297e-04 3.448600000000000016e-04 3.508210000000000213e-04
1.929000000000000048e+00 3.254619999999999952e-04 3.321500000000000234e-04 3.388399999999999745e-04 3.455024000000000007e-04 3.515082499999999731e-04
1.939000000000000057e+00 3.260292500000000092e-04 3.327299999999999941e-04 3.394699999999999736e-04 3.461404000000000173e-04 3.521900000000000009e-04
1.948900000000000077e+00 3.266065000000000179e-04 3.333319999999999859e-04 3.400849999999999533e-04 3.467815999999999867e-04 3.528709999999999898e-04
1.958900000000000086e+00 3.271720000000000314e-04 3.339287999999999935e-04 3.407049999999999575e-04 3.474460000000000070e-04 3.535592500000000115e-04
1.968900000000000095e+00 3.277374999999999906e-04 3.345343999999999662e-04 3.413399999999999811e-04 3.480935999999999904e-04 3.542602499999999901e-04
1.978900000000000103e+00 3.283157500000000151e-04 3.351464000000000071e-04 3.419900000000000240e-04 3.487556000000000054e-04 3.549502499999999581e-04
1.988899999999999890e+00 3.289122499999999746e-04 3.357788000000000114e-04 3.426400000000000127e-04 3.494356000000000328e-04 3.556337499999999863e-04
1.998799999999999910e+00 3.295115000000000045e-04 3.364143999999999685e-04 3.433050000000000207e-04 3.501399999999999782e-04 3.563300000000000256e-04
2.008799999999999919e+00 3.301180000000000130e-04 3.370443999999999675e-04 3.440000000000000132e-04 3.508499999999999900e-04 3.570399999999999833e-04
2.018800000000000150e+00 3.307372499999999783e-04 3.376920000000000052e-04 3.446899999999999812e-04 3.515468000000000000e-04 3.577710000000000005e-04
2.028799999999999937e+00 3.313845000000000050e-04 3.383643999999999888e-04 3.453549999999999892e-04 3.522579999999999874e-04 3.585282499999999702e-04
2.038800000000000168e+00 3.320600000000000157e-04 3.390119999999999722e-04 3.460250000000000218e-04 3.529879999999999888e-04 3.592754999999999994e-04
2.048700000000000188e+00 3.327280000000000168e-04 3.396496000000000150e-04 3.467000000000000247e-04 3.537179999999999903e-04 3.600119999999999406e-04
2.058699999999999974e+00 3.333932500000000017e-04 3.403207999999999689e-04 3.473950000000000171e-04 3.544412000000000040e-04 3.608019999999999652e-04
2.068700000000000205e+00 3.340639999999999647e-04 3.410019999999999718e-04 3.481000000000000045e-04 3.551868000000000126e-04 3.615992500000000226e-04
2.078699999999999992e+00 3.347539999999999869e-04 3.417000000000000115e-04 3.487950000000000512e-04 3.559424000000000160e-04 3.624082500000000212e-04
2.088699999999999779e+00 3.354322499999999596e-04 3.423899999999999795e-04 3.494999999999999843e-04 3.566856000000000193e-04 3.631765000000000015e-04
2.098599999999999799e+00 3.360697499999999683e-04 3.430843999999999843e-04 3.502299999999999858e-04 3.574411999999999685e-04 3.639340000000000023e-04
2.108600000000000030e+00 3.367072499999999770e-04 3.437644000000000116e-04 3.509700000000000363e-04 3.582155999999999860e-04 3.646904999999999873e-04
2.118599999999999817e+00 3.374289999999999842e-04 3.444699999999999867e-04 3.517349999999999925e-04 3.589999999999999984e-04 3.654514999999999348e-04
2.128600000000000048e+00 3.381617500000000018e-04 3.451643999999999914e-04 3.525000000000000030e-04 3.597855999999999862e-04 3.662414999999999594e-04
2.138599999999999834e+00 3.389072499999999763e-04 3.458900000000000104e-04 3.532799999999999786e-04 3.605711999999999741e-04 3.670514999999999737e-04
2.148499999999999854e+00 3.396079999999999780e-04 3.466143999999999996e-04 3.540500000000000136e-04 3.613800000000000128e-04 3.678587499999999718e-04
2.158500000000000085e+00 3.402942500000000225e-04 3.473476000000000081e-04 3.548050000000000292e-04 3.622023999999999730e-04 3.686787499999999809e-04
2.168499999999999872e+00 3.409687500000000175e-04 3.480788000000000393e-04 3.555699999999999855e-04 3.630055999999999995e-04 3.695132499999999472e-04
2.178500000000000103e+00 3.416577500000000239e-04 3.488000000000000215e-04 3.563799999999999997e-04 3.638156000000000137e-04 3.703722499999999741e-04
2.188499999999999890e+00 3.423422499999999595e-04 3.495400000000000178e-04 3.571649999999999998e-04 3.646311999999999861e-04 3.712412499999999957e-04
2.198399999999999910e+00 3.430412500000000150e-04 3.502732000000000263e-04 3.579050000000000504e-04 3.654756000000000215e-04 3.721102499999999632e-04
2.208400000000000141e+00 3.437567500000000050e-04 3.510400000000000000e-04 3.587099999999999859e-04 3.663068000000000010e-04 3.729892499999999797e-04
2.218399999999999928e+00 3.444777500000000274e-04 3.518143999999999634e-04 3.595100000000000053e-04 3.671511999999999823e-04 3.738782499999999910e-04
2.228400000000000158e+00 3.452087499999999904e-04 3.525800000000000158e-04 3.603300000000000144e-04 3.680199999999999899e-04 3.747655000000000018e-04
2.238399999999999945e+00 3.459470000000000405e-04 3.533743999999999687e-04 3.611550000000000480e-04 3.688855999999999906e-04 3.756464999999999956e-04
2.248299999999999965e+00 3.466879999999999983e-04 3.541743999999999882e-04 3.619599999999999836e-04 3.697511999999999912e-04 3.765374999999999842e-04
2.258300000000000196e+00 3.474362499999999890e-04 3.549844000000000025e-04 3.627500000000000082e-04 3.706156000000000164e-04 3.774284999999999728e-04
2.268299999999999983e+00 3.481872499999999959e-04 3.558031999999999818e-04 3.635500000000000276e-04 3.714855999999999996e-04 3.783947499999999807e-04
2.278300000000000214e+00 3.489545000000000147e-04 3.566131999999999961e-04 3.643599999999999877e-04 3.723800000000000092e-04 3.793782500000000162e-04
2.288300000000000001e+00 3.497435000000000235e-04 3.574399999999999930e-04 3.651950000000000161e-04 3.732699999999999820e-04 3.803554999999999805e-04
2.298200000000000021e+00 3.505252499999999996e-04 3.582675999999999916e-04 3.660350000000000149e-04 3.741600000000000091e-04 3.813247499999999814e-04
2.308199999999999807e+00 3.513252500000000190e-04 3.590964000000000200e-04 3.668999999999999736e-04 3.750712000000000013e-04 3.822929999999999666e-04
2.318200000000000038e+00 3.521379999999999953e-04 3.599176000000000046e-04 3.677850000000000303e-04 3.759856000000000005e-04 3.832437500000000015e-04
2.328199999999999825e+00 3.529635000000000368e-04 3.607388000000000434e-04 3.686749999999999489e-04 3.769056000000000121e-04 3.842054999999999928e-04
2.338200000000000056e+00 3.537862500000000078e-04 3.615744000000000054e-04 3.695550000000000354e-04 3.778356000000000184e-04 3.851937500000000218e-04
2.348100000000000076e+00 3.546145000000000113e-04 3.624044000000000093e-04 3.704199999999999941e-04 3.787600000000000125e-04 3.861892500000000295e-04
2.358099999999999863e+00 3.554499999999999934e-04 3.632488000000000448e-04 3.713049999999999966e-04 3.797000000000000136e-04 3.871782499999999890e-04
2.368100000000000094e+00 3.562762500000000196e-04 3.640844000000000068e-04 3.722149999999999591e-04 3.806699999999999993e-04 3.881727500000000351e-04
2.378099999999999881e+00 3.570952500000000129e-04 3.649300000000000178e-04 3.731200000000000055e-04 3.816156000000000127e-04 3.891882499999999782e-04
2.388100000000000112e+00 3.579070000000000276e-04 3.657888000000000307e-04 3.740399999999999628e-04 3.825656000000000087e-04 3.902282499999999818e-04
2.398000000000000131e+00 3.587260000000000210e-04 3.666631999999999964e-04 3.749800000000000182e-04 3.835299999999999820e-04 3.912682499999999854e-04
2.407999999999999918e+00 3.595477500000000305e-04 3.675688000000000306e-04 3.758699999999999910e-04 3.844755999999999955e-04 3.923027500000000108e-04
2.418000000000000149e+00 3.603795000000000349e-04 3.684844000000000053e-04 3.767850000000000322e-04 3.854355999999999863e-04 3.933265000000000025e-04
2.427999999999999936e+00 3.612040000000000064e-04 3.693843999999999730e-04 3.777000000000000192e-04 3.864167999999999965e-04 3.943602499999999890e-04
2.438000000000000167e+00 3.620312499999999941e-04 3.702843999999999949e-04 3.786300000000000256e-04 3.874199999999999736e-04 3.954157500000000198e-04
2.447900000000000187e+00 3.628657500000000147e-04 3.711987999999999941e-04 3.796000000000000112e-04 3.884056000000000205e-04 3.964657500000000182e-04
2.457899999999999974e+00 3.637157500000000082e-04 3.720943999999999792e-04 3.805600000000000020e-04 3.893699999999999939e-04 3.975137499999999852e-04
2.467900000000000205e+00 3.645739999999999962e-04 3.730043999999999959e-04 3.815350000000000122e-04 3.904056000000000149e-04 3.985554999999999892e-04
2.477899999999999991e+00 3.654350000000000003e-04 3.739388000000000390e-04 3.825249999999999874e-04 3.914256000000000289e-04 3.995847499999999591e-04
2.487899999999999778e+00 3.663032499999999830e-04 3.748644000000000086e-04 3.834900000000000028e-04 3.924668000000000080e-04 4.006139999999999831e-04
2.497799999999999798e+00 3.671787499999999986e-04 3.758087999999999923e-04 3.844699999999999832e-04 3.935056000000000361e-04 4.016849999999999869e-04
2.507800000000000029e+00 3.680597499999999924e-04 3.767576000000000128e-04 3.854499999999999637e-04 3.945399999999999732e-04 4.027967500000000090e-04
2.517799999999999816e+00 3.689452500000000028e-04 3.777164000000000281e-04 3.864299999999999983e-04 3.956100000000000155e-04 4.039140000000000091e-04
2.527800000000000047e+00 3.698435000000000242e-04 3.786875999999999892e-04 3.874450000000000420e-04 3.966600000000000139e-04 4.050384999999999880e-04
2.537799999999999834e+00 3.707417499999999914e-04 3.796543999999999679e-04 3.884550000000000069e-04 3.977456000000000090e-04 4.061657499999999830e-04
2.547699999999999854e+00 3.716400000000000129e-04 3.806207999999999727e-04 3.894550000000000312e-04 3.988312000000000042e-04 4.073029999999999728e-04
2.557700000000000085e+00 3.725617500000000248e-04 3.815871999999999775e-04 3.904649999999999961e-04 3.999280000000000239e-04 4.084502499999999574e-04
2.567699999999999871e+00 3.734935000000000316e-04 3.825516000000000051e-04 3.914749999999999610e-04 4.009999999999999893e-04 4.096047499999999749e-04
2.577700000000000102e+00 3.744307500000000166e-04 3.835239999999999960e-04 3.925050000000000240e-04 4.020692000000000298e-04 4.107619999999999544e-04
2.587699999999999889e+00 3.753944999999999851e-04 3.844995999999999939e-04 3.935499999999999979e-04 4.031615999999999585e-04 4.119337499999999996e-04
2.597599999999999909e+00 3.763789999999999822e-04 3.854864000000000164e-04 3.945850000000000312e-04 4.042660000000000220e-04 4.131037499999999901e-04
2.607600000000000140e+00 3.773825000000000074e-04 3.864900000000000215e-04 3.956549999999999651e-04 4.053647999999999648e-04 4.142799999999999976e-04
2.617599999999999927e+00 3.783597499999999717e-04 3.875076000000000302e-04 3.967250000000000073e-04 4.064736000000000109e-04 4.154337499999999762e-04
2.627600000000000158e+00 3.793224999999999787e-04 3.885275999999999899e-04 3.977850000000000006e-04 4.075867999999999852e-04 4.166047499999999825e-04
2.637599999999999945e+00 3.802880000000000019e-04 3.895400000000000143e-04 3.988600000000000131e-04 4.087056000000000261e-04 4.177729999999999725e-04
2.647499999999999964e+00 3.812607500000000037e-04 3.905599999999999740e-04 3.999300000000000012e-04 4.098356000000000373e-04 4.189512499999999574e-04
2.657500000000000195e+00 3.822435000000000004e-04 3.915807999999999897e-04 4.010150000000000086e-04 4.109723999999999821e-04 4.201322499999999584e-04
2.667499999999999982e+00 3.832262499999999970e-04 3.926196000000000178e-04 4.021100000000000108e-04 4.121136000000000178e-04 4.213639999999999725e-04
2.677500000000000213e+00 3.842145000000000261e-04 3.936696000000000162e-04 4.031850000000000234e-04 4.132647999999999942e-04 4.226057499999999814e-04
2.687500000000000000e+00 3.852072499999999633e-04 3.947220000000000199e-04 4.042750000000000011e-04 4.144479999999999865e-04 4.238574999999999851e-04
2.697400000000000020e+00 3.862100000000000038e-04 3.957843999999999642e-04 4.053550000000000382e-04 4.156356000000000156e-04 4.251192499999999837e-04
2.707399999999999807e+00 3.872244999999999854e-04 3.968231999999999923e-04 4.064499999999999862e-04 4.168468000000000151e-04 4.263882500000000151e-04
2.717400000000000038e+00 3.882490000000000160e-04 3.978731999999999907e-04 4.075500000000000130e-04 4.180367999999999953e-04 4.276600000000000085e-04
2.727399999999999824e+00 3.892762500000000086e-04 3.989643999999999981e-04 4.086650000000000048e-04 4.192156000000000051e-04 4.289127500000000279e-04
2.737400000000000055e+00 3.903035000000000011e-04 4.000499999999999933e-04 4.097899999999999915e-04 4.203968000000000201e-04 4.301364999999999703e-04
2.747300000000000075e+00 3.913452500000000052e-04 4.011643999999999974e-04 4.109349999999999678e-04 4.215847999999999688e-04 4.313802499999999564e-04
2.757299999999999862e+00 3.923824999999999926e-04 4.022588000000000118e-04 4.120950000000000177e-04 4.227767999999999804e-04 4.326239999999999968e-04
2.767300000000000093e+00 3.934224999999999962e-04 4.033619999999999914e-04 4.132499999999999889e-04 4.239868000000000044e-04 4.338750000000000159e-04
2.777299999999999880e+00 3.944724999999999946e-04 4.044776000000000252e-04 4.144099999999999845e-04 4.252311999999999954e-04 4.351177499999999863e-04
2.787300000000000111e+00 3.955224999999999930e-04 4.055943999999999804e-04 4.156100000000000137e-04 4.264768000000000161e-04 4.363704999999999516e-04
2.797200000000000131e+00 3.965724999999999914e-04 4.066743999999999633e-04 4.168149999999999590e-04 4.277368000000000142e-04 4.376305000000000039e-04
2.807199999999999918e+00 3.976397499999999633e-04 4.077875999999999918e-04 4.179750000000000089e-04 4.289812000000000052e-04 4.389004999999999968e-04
2.817200000000000149e+00 3.987025000000000269e-04 4.088995999999999907e-04 4.191649999999999890e-04 4.302455999999999859e-04 4.401732499999999517e-04
2.827199999999999935e+00 3.997679999999999984e-04 4.100164000000000000e-04 4.203549999999999691e-04 4.315456000000000175e-04 4.414604999999999723e-04
2.837200000000000166e+00 4.008307500000000078e-04 4.111399999999999972e-04 4.215549999999999983e-04 4.328111999999999736e-04 4.427432499999999762e-04
2.847100000000000186e+00 4.019062500000000282e-04 4.122888000000000225e-04 4.227599999999999978e-04 4.340656000000000137e-04 4.440432499999999536e-04
2.857099999999999973e+00 4.029817499999999945e-04 4.134488000000000182e-04 4.239699999999999675e-04 4.353523999999999892e-04 4.453459999999999472e-04
2.867100000000000204e+00 4.040672500000000097e-04 4.146131999999999964e-04 4.252000000000000354e-04 4.366492000000000138e-04 4.466587499999999898e-04
2.877099999999999991e+00 4.051600000000000036e-04 4.157876000000000237e-04 4.264399999999999896e-04 4.379391999999999964e-04 4.479787499999999568e-04
2.887100000000000222e+00 4.062644999999999928e-04 4.169531999999999774e-04 4.276850000000000226e-04 4.392236000000000209e-04 4.493522500000000073e-04
2.896999999999999797e+00 4.073789999999999768e-04 4.181332000000000169e-04 4.289200000000000066e-04 4.405235999999999983e-04 4.507619999999999509e-04
2.907000000000000028e+00 4.084935000000000150e-04 4.193143999999999778e-04 4.301599999999999608e-04 4.418199999999999949e-04 4.521727500000000187e-04
2.916999999999999815e+00 4.096179999999999938e-04 4.205188000000000437e-04 4.314100000000000183e-04 4.431556000000000232e-04 4.535502499999999695e-04
2.927000000000000046e+00 4.107452500000000430e-04 4.217132000000000064e-04 4.326650000000000461e-04 4.445000000000000166e-04 4.549350000000000073e-04
2.936999999999999833e+00 4.118869999999999953e-04 4.229187999999999936e-04 4.339149999999999952e-04 4.458556000000000346e-04 4.563324999999999478e-04
2.946899999999999853e+00 4.130242499999999851e-04 4.241343999999999757e-04 4.352100000000000022e-04 4.472211999999999932e-04 4.577444999999999539e-04
2.956900000000000084e+00 4.141759999999999864e-04 4.253500000000000119e-04 4.365050000000000093e-04 4.485911999999999886e-04 4.592054999999999184e-04
2.966899999999999871e+00 4.153332500000000201e-04 4.265699999999999765e-04 4.378100000000000112e-04 4.499456000000000310e-04 4.606592499999999585e-04
2.976900000000000102e+00 4.164877500000000376e-04 4.278043999999999727e-04 4.391150000000000131e-04 4.512812000000000052e-04 4.621302499999999720e-04
2.986899999999999888e+00 4.176550000000000119e-04 4.290388000000000231e-04 4.404100000000000202e-04 4.526255999999999986e-04 4.636084999999999100e-04
