# S(0) in keV b
5.500235296572253407e-01
5.717806512153756904e-01
5.625994490373888990e-01
5.780970490790784400e-01
5.609448380064544493e-01
5.620327422027984188e-01
5.682969010287109990e-01
5.873907411466525730e-01
5.832033597405356096e-01
5.788808149599922181e-01
5.711204863692775913e-01
5.728735574598458058e-01
5.795358461290366359e-01
5.836325082615728688e-01
5.750190636208005746e-01
5.733996781567426426e-01
5.711473864066790584e-01
5.681438777451758293e-01
5.648109484999730423e-01
5.784188637777439856e-01
5.731963469006181588e-01
5.781215190338990784e-01
5.648265374383906190e-01
5.725936386533259093e-01
5.708328719286182018e-01
5.713658048121754707e-01
5.663834586927107839e-01
5.925097637925544891e-01
5.738509584480924186e-01
5.679785508664031424e-01
5.722767366645952203e-01
5.636078007068828777e-01
5.755838897207933291e-01
5.762445408035583583e-01
5.818060255199040132e-01
5.608144262160112969e-01
5.794122672357255865e-01
5.639446900825584308e-01
5.625894994253348713e-01
5.571339399405065285e-01
5.666310596650362408e-01
5.633985593799912817e-01
5.599337191524166313e-01
5.676731726655254162e-01
5.378653751551414341e-01
5.637453021875739045e-01
5.646947722635806688e-01
5.781715355599762463e-01
5.607693774026473177e-01
5.749975810312276669e-01
5.599651435693648871e-01
5.678036076669694676e-01
5.544184067948459971e-01
5.574708144517886987e-01
5.646035563356377462e-01
5.935816133385949378e-01
5.562439704511864536e-01
5.715560395636201108e-01
5.608240489381260963e-01
5.641042320878905114e-01
5.636534631215679436e-01
5.778533187317955733e-01
5.439273145443950241e-01
5.678373571991907065e-01
5.777100969707664735e-01
5.608501526064532117e-01
5.839936685150280971e-01
5.901183401360834413e-01
5.507877163513460461e-01
5.656993426459204777e-01
5.581989985110700214e-01
5.587119090302782309e-01
5.717272188382246378e-01
5.499436677291010822e-01
5.801385859811126755e-01
5.725798142279630021e-01
5.684757988513425842e-01
5.595392912360136473e-01
5.651551784244133181e-01
5.715709748271073920e-01
5.702002887531137931e-01
5.790885818781359440e-01
5.753196225595638147e-01
5.767375569247852329e-01
5.672139969890925837e-01
5.520513570151899252e-01
5.674636862100326251e-01
5.764448817133152048e-01
5.675856048702230261e-01
5.787886213861961338e-01
5.711002346469851165e-01
5.806208758102748835e-01
5.978576966035153983e-01
5.721219767505048015e-01
5.845219062528358434e-01
5.506751066376802672e-01
5.636577889280328657e-01
5.639496849958078872e-01
5.797836627434461709e-01
5.679793176982402825e-01
5.848548851960106987e-01
5.659530713272232783e-01
5.593798945374073295e-01
5.825521864558574903e-01
5.760550340949738279e-01
5.741562443103438440e-01
5.415130806690195975e-01
5.927879091059182759e-01
5.757422715953146586e-01
5.518613591745930025e-01
5.761734797718667256e-01
5.754793547035128576e-01
5.574938633127584087e-01
5.566084746198894928e-01
5.608464648284120502e-01
5.710118013016797223e-01
5.858848458931766867e-01
5.704049107439693733e-01
5.662768482384482605e-01
5.766698823296143583e-01
5.563919694296258767e-01
5.680496925739584313e-01
5.683058175873754170e-01
5.721921936661621411e-01
5.878535906364109609e-01
5.607958422171438473e-01
5.584162942241686078e-01
5.702231415285301530e-01
5.679556834875226778e-01
5.543659827412326102e-01
5.634557597126332862e-01
5.768667716935688139e-01
5.668257244655440230e-01
5.500129359713644694e-01
5.825462730029651315e-01
5.558266751441587328e-01
5.631794455061969185e-01
5.634976935812775478e-01
5.797644258066960710e-01
5.987939569186858657e-01
5.890974765365867283e-01
5.764188370939352657e-01
5.563341497390376089e-01
5.644838511365923850e-01
5.617228186596835426e-01
5.756779426122827781e-01
5.716381549581871502e-01
5.646552753874609643e-01
6.015929018116137339e-01
5.731286064481696529e-01
5.603341292544874452e-01
5.575105881214664771e-01
5.597125996671421522e-01
5.784518198170944814e-01
5.803964682339096681e-01
5.621564897693878127e-01
5.786756276849487346e-01
5.811158580625802594e-01
5.712908884857961223e-01
5.593021420003565503e-01
5.583529786600348599e-01
5.643853186004843536e-01
5.808078410905022082e-01
5.662856603408045197e-01
5.710865140433493137e-01
5.658690356506460573e-01
5.754787774417789992e-01
5.726140671505887125e-01
5.430298046419678171e-01
5.854038583735179380e-01
5.639253701073533298e-01
5.724724014260281768e-01
5.603757807643178213e-01
5.885470843198005175e-01
5.699184173569085132e-01
5.608830139553110383e-01
5.868587670054075112e-01
5.591617565234187071e-01
5.758886500929651930e-01
5.646503981974113628e-01
5.607624324688379458e-01
5.571392126230056974e-01
5.723725209573767847e-01
5.800047189756452060e-01
5.667069122981009954e-01
5.571912065886436283e-01
5.927726423279469081e-01
5.672429294724816717e-01
5.730390330916899089e-01
5.741850692495350517e-01
5.619661946793441665e-01
5.537249851421217617e-01
5.666866957557753492e-01
5.421454823201491413e-01
5.751080193853762568e-01
5.687689511139532028e-01
5.824295171137567895e-01
5.949877957948410678e-01
5.377216086243882254e-01
5.712109550561849103e-01
5.677642507991922383e-01
5.842669138521396910e-01
5.579065414366711773e-01
5.830769340666871470e-01
5.722664212381423088e-01
5.670109686735584908e-01
5.658238181948697099e-01
5.607382892250974971e-01
5.754252237523208580e-01
5.706280190164898514e-01
5.781378064896341984e-01
5.699306426367178879e-01
5.705351138169757474e-01
5.695302595513428434e-01
5.840104984775938979e-01
5.831418656389913968e-01
5.678719665070413036e-01
5.751383733857394764e-01
5.789247017993908173e-01
5.679892062479086068e-01
5.709046300295967935e-01
5.743728426847932722e-01
5.718956504467574975e-01
5.768259494155170142e-01
5.666629296808666227e-01
5.979827716921306546e-01
5.785750177985679032e-01
5.712064088870678624e-01
5.627779327976742962e-01
5.626215292272019886e-01
5.827085605661052048e-01
5.839773731505520926e-01
5.911909143913618436e-01
5.772338481617115269e-01
5.629018164666406143e-01
5.906614400025049783e-01
5.536177763914533756e-01
5.570102086856179024e-01
5.715437619733729768e-01
5.611787123926345044e-01
5.717094124193514704e-01
5.707517692789454422e-01
5.656623110299017210e-01
5.626992683015551444e-01
5.489097306685181143e-01
5.708413481121121791e-01
5.622853227575306256e-01
5.673404372484307512e-01
5.712182721245065986e-01
5.561160027098076553e-01
5.701476719584148700e-01
5.651550180119828681e-01
5.607976729157734264e-01
5.783861594735341116e-01
5.632513010814204080e-01
5.594218393914260901e-01
5.657018989840326695e-01
5.736991731528617855e-01
5.717988707097622081e-01
5.554223340078133786e-01
5.636911794460405245e-01
5.741062028669958739e-01
5.667567850156443043e-01
5.745725810560440294e-01
5.704596782200284100e-01
5.677261859298191604e-01
5.738718429442041247e-01
5.744585570888065540e-01
5.736885178391875062e-01
5.831406013636030172e-01
5.736792038819049644e-01
5.827329616076901697e-01
5.616224539451531994e-01
5.799548991644033480e-01
5.514941089605701618e-01
5.736367925960078606e-01
5.771580021943242267e-01
5.585691033141415573e-01
5.584058711549663157e-01
5.739858936533461797e-01
5.667249231634648998e-01
5.771791714516358862e-01
5.738411170774855297e-01
5.811842499656885153e-01
5.606747023894252946e-01
5.874475218345178718e-01
5.624133830175201965e-01
5.561920127311374973e-01
5.944954867250346053e-01
5.661150690982729161e-01
5.777246236427110437e-01
5.840324809751167301e-01
5.607366089627110473e-01
5.766300161015527337e-01
5.639225561615748283e-01
5.772079319310097212e-01
5.740110036104519864e-01
5.708374872022842217e-01
5.673462625414562588e-01
5.660580870232306827e-01
5.513403281851972926e-01
5.484371928359041970e-01
5.848876103977448393e-01
5.557145374388600123e-01
5.699734081292167076e-01
5.580566921292439142e-01
5.666159493180275009e-01
5.718006614578156066e-01
5.645945397339736660e-01
5.976079189725869156e-01
5.677904576796981573e-01
5.809206797103391162e-01
5.754166891901107972e-01
5.722451742703962285e-01
5.863679096355842724e-01
5.721007358083102234e-01
5.884748623228815978e-01
5.676741088227071907e-01
5.790159980072761003e-01
5.572733524818855866e-01
5.830245246493260813e-01
5.720458030198829480e-01
5.635969571857080140e-01
5.705643842635134133e-01
5.672261945729052401e-01
5.543804605217887982e-01
5.366416107003501024e-01
5.660237765233481211e-01
5.660834053586090153e-01
5.682601566976238638e-01
5.835208054797478283e-01
5.671750175069923960e-01
5.736556875137911460e-01
5.655382832048045927e-01
5.715527313720656366e-01
5.801876247611235105e-01
5.750748155948783857e-01
5.715152423716061136e-01
5.662531232376718515e-01
5.724997382482971409e-01
5.802656380228232713e-01
5.664608244413490423e-01
5.686056281105678067e-01
5.656336901578372656e-01
5.811436980082419490e-01
5.810019210525041444e-01
5.693197380214585213e-01
5.590708642801280881e-01
5.816068144379236138e-01
5.709341146270329181e-01
5.531397617234272701e-01
5.777249284832115528e-01
5.777895046839196525e-01
5.512702659337754829e-01
5.635760609702371582e-01
5.839330546855148185e-01
5.672549927277438231e-01
5.780699090962899689e-01
5.777512512775593301e-01
5.642282690333582096e-01
5.698709935761371304e-01
5.671709403089625345e-01
5.617913488437704661e-01
5.783253016376868061e-01
5.614746965502992460e-01
5.628902540306306435e-01
5.657136575843705328e-01
5.675982518562168178e-01
5.647975239158967709e-01
5.616621673293112904e-01
5.702596702835067699e-01
5.650640717569971327e-01
5.761296760500633773e-01
5.571671558048265638e-01
5.566910086208276542e-01
5.755038610750985439e-01
5.617409032522739931e-01
5.729103255659621086e-01
5.510913096038448922e-01
5.673671515192082460e-01
5.604162195128152835e-01
5.696963734382941569e-01
5.850047573165982895e-01
5.715641967367869336e-01
5.513094254775723346e-01
5.601056193935138872e-01
5.754348107839767357e-01
5.710507154982309430e-01
5.575019153974261066e-01
5.806939394916652564e-01
5.727046233533955588e-01
5.873970261857275332e-01
5.657927460875583625e-01
5.714663162466740998e-01
5.462206912813967197e-01
5.701716001240288989e-01
5.691323915367058062e-01
5.614586421823880569e-01
5.803641453673961115e-01
5.568732965422069636e-01
5.611582355264970179e-01
5.611594823235493967e-01
5.652339499577050397e-01
5.865861735497973628e-01
5.850122732285366611e-01
5.556648922026152793e-01
5.738812759877032210e-01
5.675545369776863192e-01
5.666695777351069552e-01
5.632916987197450487e-01
5.749189316073413103e-01
5.604358981861702338e-01
5.812929579714178896e-01
5.788056872124134333e-01
5.730261573603244729e-01
5.615624366715699090e-01
5.592539828462235185e-01
5.765936610640916005e-01
5.991431755567598882e-01
5.728034610870977872e-01
5.745112308213360386e-01
5.756491115552190285e-01
5.822055470776659192e-01
5.590237027501840927e-01
5.808204635962086471e-01
5.630747497859462936e-01
5.649487999874354127e-01
5.564103221561761403e-01
5.772611585757786434e-01
5.652008823110261648e-01
5.600423108444966269e-01
5.672796784303171247e-01
5.592644465585974167e-01
5.738499069171900668e-01
5.686516038638851356e-01
5.413474382242946525e-01
5.453629179377105229e-01
5.635473635835223094e-01
5.644541066643721239e-01
5.674161782802983334e-01
5.660307939588574699e-01
5.627296681286557689e-01
5.709675589812280849e-01
5.782765714050602801e-01
5.653858214460590892e-01
5.726042750746987986e-01
5.687690742925002318e-01
5.832033245928828213e-01
5.700273450770042549e-01
5.828318858745836772e-01
5.646679053427802186e-01
5.587182316300067786e-01
5.788377511629978489e-01
5.847257179962042084e-01
5.509711325978311480e-01
5.577478255557839493e-01
5.896886642151577540e-01
5.535997014879178169e-01
5.760556154732064948e-01
5.710294764755954322e-01
5.520044736201190627e-01
5.870977446846478154e-01
5.671215956162369842e-01
5.742879157531958212e-01
5.823901008693751491e-01
5.792723293855105426e-01
5.867833594823911314e-01
5.752139183751661111e-01
5.707619853704980484e-01
5.799469467462439187e-01
5.759297175487574361e-01
5.665262913434540026e-01
5.555600725245136706e-01
5.703519355823126746e-01
5.766526301994511217e-01
5.532463291913534142e-01
5.797769300572486184e-01
5.869207495821661125e-01
5.822877345322508003e-01
5.793294823513759351e-01
5.660959554917852632e-01
5.962891146220924421e-01
5.569138076773674229e-01
5.645738037379722796e-01
5.719724549688592896e-01
5.919515741535924525e-01
5.701582889543388433e-01
5.489611696754722603e-01
5.709166300013176487e-01
5.744398677614017679e-01
5.657673181196208878e-01
5.787462624459883687e-01
5.773062826823600613e-01
5.632787632700262392e-01
5.754160296487783599e-01
5.807557016210981304e-01
5.751108842204535332e-01
5.534473596826071651e-01
5.671670337817125152e-01
5.610120781782974575e-01
5.525599858075566084e-01
5.681404988871227024e-01
5.773800723675931446e-01
5.598326987132468124e-01
5.673214224422795660e-01
5.731504322339460167e-01
5.737189526284315333e-01
5.781038277083623278e-01
5.644001439091188566e-01
5.670539890695596164e-01
5.647618061064911821e-01
5.801397835132007241e-01
5.507213527257335262e-01
5.741917956511783938e-01
5.720058748010541372e-01
5.756284667113329423e-01
5.716488020746731680e-01
5.771758585496093996e-01
5.477571663831475313e-01
5.649099653897187157e-01
5.561344058049694228e-01
5.684534553492202047e-01
5.727360006920585445e-01
5.847747055643700564e-01
5.507760964079498889e-01
5.684208577426101971e-01
5.743643060570413628e-01
5.736912885609823931e-01
5.580803617023849528e-01
5.893160313476839551e-01
5.522072300238078935e-01
5.875945821684016579e-01
5.824751121162551337e-01
5.692211087935987734e-01
5.699874812690078896e-01
5.853188226146434081e-01
5.825800473224792553e-01
5.807382743717347529e-01
5.712516143679770009e-01
5.695805032529157597e-01
5.868830606554796825e-01
5.576023992921954608e-01
5.669389281204807451e-01
5.761373017658008022e-01
5.956013769270522840e-01
5.782659943527779234e-01
5.662818861173770646e-01
5.695612761569144311e-01
5.608427626392784582e-01
5.621216104669698455e-01
5.644593752379943874e-01
5.695620470432031235e-01
5.461170322034925029e-01
5.877007579859376829e-01
5.672539664451038410e-01
5.527348246117724795e-01
5.566291512038862299e-01
5.619637951166471801e-01
5.580785801777462529e-01
5.702530654903631424e-01
5.686739909664251247e-01
5.820323991675920849e-01
5.645839994685104557e-01
5.704993924086984025e-01
5.465703352755265643e-01
5.991296910271743936e-01
5.629622820371135150e-01
5.778696470988837763e-01
5.625943827902246674e-01
5.707666950197158862e-01
5.814557959175742363e-01
5.731130547098473027e-01
5.787972910678603755e-01
5.671141208590245730e-01
5.787331781857373292e-01
5.798638258209622975e-01
5.760150525259591925e-01
5.686074499509188307e-01
5.784876902854027003e-01
5.716042257195828036e-01
5.780554561834050364e-01
5.686630840525446207e-01
5.777531869059749914e-01
5.581642017424492952e-01
5.670741785868355089e-01
5.648883328138540882e-01
5.731240489747628786e-01
5.756795976445516771e-01
5.601730001196907338e-01
5.618900704653195799e-01
5.702528011556399212e-01
5.682045412074663293e-01
5.717799075799516739e-01
5.688932896154768049e-01
5.557284542885626566e-01
5.538403860381685417e-01
5.634964179791733807e-01
5.658759352507765072e-01
5.943912400576936150e-01
5.640806413144060505e-01
5.840734131247574679e-01
5.695443662807495588e-01
5.754717234573540896e-01
5.720200286841458093e-01
5.508305967225333166e-01
5.655821237007556679e-01
5.347813138197344829e-01
5.682844069033371470e-01
5.741440674161275570e-01
5.831629746591947550e-01
5.609699367430881489e-01
5.720005972587008936e-01
5.710908590964003384e-01
5.724557613450999005e-01
5.672315588413752163e-01
5.583963579561684876e-01
5.665622961267839930e-01
5.773297173579224895e-01
5.568210929973992362e-01
5.617209337573326744e-01
5.562088044214503757e-01
5.881186342261600641e-01
5.611328841510960785e-01
5.669285530002362572e-01
5.574618552440876451e-01
5.676086480601658657e-01
5.651739585377639763e-01
5.548102458262165193e-01
5.853147325554856062e-01
5.782253268292565362e-01
5.670422740191988220e-01
5.660217786320738131e-01
5.643990313499164246e-01
5.785112758164383528e-01
5.809484160641762429e-01
5.584642348056197969e-01
5.517570196366409219e-01
5.628516435660576578e-01
5.739405213010763118e-01
5.745216386019552646e-01
5.616749969907411932e-01
5.573479078298345657e-01
5.683257245881757624e-01
5.723969549347700525e-01
5.808525681519572936e-01
5.741705360476395681e-01
5.553321441066906283e-01
5.944454038395559081e-01
5.692781099196798644e-01
5.565610555204002496e-01
5.774255739080603744e-01
5.647062339663388997e-01
5.568487121685314900e-01
5.589378540976029930e-01
5.860172925838332825e-01
5.732175923256412897e-01
5.833102246140215996e-01
5.694580436183205308e-01
5.776605523223758976e-01
5.601934717296170874e-01
5.880698796951585594e-01
5.610272255776621586e-01
5.665104166423445831e-01
5.814499483629007592e-01
5.808844833375572669e-01
5.738806220206579267e-01
5.747441908457485704e-01
5.694780476887357779e-01
5.723853120224420277e-01
5.554077414027082105e-01
5.764080785383218775e-01
5.820349968073731395e-01
5.756743002731797842e-01
5.850019123540536325e-01
5.685453578610856207e-01
5.641088271252170383e-01
5.877562263157615208e-01
5.668033455719273528e-01
5.934799290502197344e-01
5.789890477807474456e-01
5.624065514255291998e-01
5.665707252424170282e-01
5.575520123375165005e-01
5.587191945966597517e-01
5.678013032963769025e-01
5.558901406477367857e-01
5.555571659444560328e-01
5.679035084857289029e-01
5.785256623360770512e-01
5.636626694596319487e-01
5.723535723875469161e-01
5.613394826177283692e-01
5.570330580890383576e-01
5.562647311567520125e-01
5.582252853712978968e-01
5.571603011026833308e-01
5.602281125905455017e-01
5.686048835343521235e-01
5.797476659487066364e-01
5.734941871576986205e-01
5.892037821177560364e-01
5.829594761071811293e-01
5.555224266357758900e-01
5.893699660337137214e-01
5.737794085476970452e-01
5.739922902517498038e-01
5.777316221412466257e-01
5.789873981933739699e-01
5.613622859677785959e-01
5.528550159467821024e-01
5.660691402510608095e-01
5.584421817168311319e-01
5.683561331506604697e-01
5.761439286691207862e-01
5.550670424756843913e-01
5.796054294787379435e-01
5.538937337998701693e-01
5.619130943553088953e-01
5.736055345507443670e-01
5.682338199880097029e-01
5.665352755286111597e-01
5.751869405372911359e-01
5.297972594769504440e-01
5.894077858713312468e-01
5.734092377280501918e-01
5.589720248550976711e-01
5.671679077336088115e-01
5.718104661837717373e-01
5.755065571625246346e-01
5.642304162596585293e-01
5.761703972223163328e-01
5.682180084933198261e-01
5.566391820467790907e-01
5.661460110286746783e-01
5.711355222939580312e-01
5.981008421394634622e-01
5.750615626538581049e-01
5.749446544027049244e-01
5.674027916620429934e-01
5.597853683863587282e-01
5.590833524826294143e-01
5.627571146278848024e-01
5.704621236347018343e-01
5.629167664307904717e-01
5.593494354101243848e-01
5.569324712159650081e-01
5.691208555457759610e-01
5.784128467680462737e-01
5.629100722354557496e-01
5.675534342058098369e-01
5.975384697105726728e-01
5.641026138962565994e-01
5.775282825655398966e-01
5.774030897826373243e-01
5.810524152996885405e-01
5.778673117676337290e-01
5.873013558640649556e-01
5.670513999534556593e-01
5.729325400280413927e-01
5.675398086545628829e-01
5.689850671751542910e-01
5.739996842942441946e-01
5.495552718887962707e-01
5.567488069704162879e-01
5.633666088760497237e-01
5.404878161532825631e-01
5.622888848054321542e-01
5.836856460020496407e-01
5.524612581756683793e-01
5.618946035047508447e-01
5.639917421496056793e-01
5.683525768032053893e-01
5.869679129528508899e-01
5.717370851373113627e-01
5.753783054756111959e-01
5.562625315884840438e-01
5.802622305367443056e-01
5.849076202807835800e-01
5.709435048957206549e-01
5.516168037782551714e-01
5.814079588407022881e-01
5.615133150043318810e-01
5.669736384311552246e-01
5.654950934945740526e-01
5.978895046667200841e-01
5.554473146990737131e-01
5.670450570057727901e-01
5.753268131717647060e-01
5.669081820579219277e-01
5.744868356699915912e-01
5.595511360719284122e-01
5.749054375428437336e-01
5.526812331443343718e-01
5.625719713363206420e-01
5.720219542680404778e-01
5.588776258918721762e-01
5.830873981661459649e-01
5.754190536895625874e-01
5.739283569663624629e-01
5.562396829433922107e-01
5.832935744680273205e-01
5.775699833938714445e-01
5.980869315753127857e-01
5.655230032548719254e-01
5.558384259627014989e-01
5.696432239011605114e-01
5.811618918231812314e-01
5.749323601033641262e-01
5.681850856086045898e-01
5.681385693713212337e-01
5.626770583356456301e-01
5.919149526534629446e-01
5.797151061907658276e-01
5.597556262721040676e-01
5.738943827632503325e-01
5.617677488903787264e-01
5.677219500936193652e-01
5.757161882362985539e-01
5.642261653146882772e-01
5.601177372780061781e-01
5.749596242765374621e-01
5.526346861959995360e-01
5.747199134391312025e-01
5.711608961207993440e-01
5.709066064600877288e-01
5.414777268481648642e-01
5.774000265577063917e-01
5.681790375446107433e-01
5.607260031182020876e-01
5.932451506553787501e-01
5.791004800064737390e-01
5.616194231647951840e-01
5.640572050205306942e-01
5.889675340495853506e-01
5.597372089386855043e-01
5.830528236564626043e-01
5.705816924426010406e-01
5.540242576609307745e-01
5.596896844887523370e-01
5.666853781048960537e-01
5.716386459653137742e-01
5.691249861341538541e-01
5.593325728710846212e-01
5.489616785235874596e-01
5.607186482386313786e-01
5.761373136470703260e-01
5.659732554962778606e-01
5.913826587191132189e-01
5.735353148310439186e-01
5.625615257204956698e-01
5.587135395346222166e-01
5.548836245482774432e-01
5.720990828157261898e-01
5.604569757725532675e-01
5.760324942037610141e-01
5.757759241880407997e-01
5.603253952192680520e-01
5.642391943506404051e-01
5.465842805723729603e-01
5.750641228891951728e-01
5.669061824431587127e-01
5.632870378246653820e-01
5.740200745691642625e-01
5.657477962316630471e-01
5.841962771146158584e-01
5.726922652115431500e-01
5.681062316236851206e-01
5.588680648002438689e-01
5.609729193727504004e-01
5.676627397549726117e-01
5.630337109617186142e-01
5.637155951709912349e-01
5.456632042974967067e-01
5.615413570003642274e-01
5.502611342408391115e-01
5.787505808811654884e-01
5.841651571274139032e-01
5.649999733678223723e-01
5.790881983595521643e-01
5.734746398872411222e-01
5.647402127099493407e-01
5.664732918453498911e-01
5.502450987423472828e-01
5.882906222735336810e-01
5.626784891257528010e-01
5.546687287528482280e-01
5.807186575175639076e-01
5.725217523662442520e-01
5.642834303392620932e-01
5.684150318776822752e-01
5.775409463981594493e-01
5.682765264191481647e-01
5.696090720578710354e-01
5.524425442729723468e-01
5.540177392176269811e-01
5.832250869984452191e-01
5.796924594150468790e-01
5.655792472922600567e-01
5.628185036674302477e-01
5.504959255053510914e-01
5.817681091559104845e-01
5.710401237642428462e-01
5.558640741032974120e-01
5.744640364630129170e-01
5.800118177624393745e-01
5.699074809089144100e-01
5.660040406126820578e-01
5.819223247116327435e-01
5.717240426499556882e-01
5.626337932227404304e-01
5.726749887759665647e-01
5.846725328852802051e-01
5.788416138766601104e-01
5.582359100578500044e-01
5.537533193599499803e-01
5.585588276171350453e-01
5.511623754413808030e-01
5.747528546420408446e-01
5.745596949232218975e-01
5.585411812397639286e-01
5.771958850478178249e-01
5.671538286147205232e-01
5.966502262472402895e-01
5.768870477579095546e-01
5.768489646259226111e-01
5.610258011865222327e-01
5.851443903395946444e-01
5.746771584970641333e-01
5.733933536751047999e-01
5.641250698103742467e-01
5.679652757125995821e-01
5.821480186570916482e-01
5.473454018066864490e-01
5.889716777071966058e-01
5.843206714730039275e-01
5.575159640028608532e-01
5.760290265485282779e-01
5.668519622584419215e-01
5.749158974368735464e-01
5.762808693183136821e-01
5.823567729842565877e-01
5.658460547510045791e-01
5.628947807844291162e-01
5.678598436968057550e-01
5.702234675821327148e-01
5.645527999396663388e-01
5.763545118966402203e-01
5.686057102446693268e-01
5.694669613860128266e-01
5.606861598048432649e-01
5.814078167169010047e-01
5.741569592260716837e-01
5.662249848699523191e-01
5.787194657796290720e-01
5.763982928991048249e-01
5.768558297716509520e-01
5.630820329185209916e-01
5.496674155603542555e-01
5.905782640329201305e-01
5.740694291045151942e-01
5.580637852278491629e-01
5.808540707577799500e-01
5.696346397495645197e-01
5.579415426429181757e-01
5.810288616154616337e-01
5.640805340228759457e-01
5.766963842591339429e-01
5.571452258489607567e-01
5.687619686344940195e-01
5.686373577435425153e-01
5.809166108229643077e-01
5.754832119854319528e-01
5.508206515608103926e-01
5.752674985661189178e-01
5.785227826719505639e-01
5.634641644597716548e-01
5.618437189611430460e-01
5.577605256706222869e-01
5.580084581676492128e-01
5.703783569502238748e-01
5.649068070187331925e-01
5.653654008351276516e-01
5.651702106840291728e-01
5.718795260508560130e-01
5.795520279258495888e-01
5.666738717781955037e-01
5.542883557943624195e-01
5.594309364850126309e-01
5.718223146504741727e-01
5.800340235847082360e-01
5.694277735023790532e-01
5.723341535278051451e-01
5.689940709221534831e-01
5.799273156219568737e-01
5.747831639015276162e-01
5.673338507379483975e-01
5.494474360392705981e-01
5.789653513399449780e-01
5.568543476687728422e-01
5.453307987359566900e-01
5.622026368361497939e-01
5.782637018676278773e-01
5.553888048066236705e-01
5.752262397512434289e-01
5.572020615432978774e-01
5.863008900475923380e-01
5.619176977606549217e-01
5.597408123755392984e-01
5.768598822143952143e-01
5.770080496977442186e-01
5.534287660633896433e-01
5.633860012656514149e-01
5.619656859845180152e-01
5.620227831679653896e-01
5.880649365039868348e-01
5.645117878466298089e-01
5.459898399709449679e-01
5.733579588584162279e-01
5.738222013864178184e-01
5.849676204405058755e-01
5.678150360893358117e-01
5.722415523898720657e-01
5.684169697485397243e-01
5.566048242626843168e-01
5.691431518189983274e-01
5.522262403094606587e-01
5.913499521479200771e-01
5.879740877115776643e-01
5.715736816809027232e-01
5.818155243610066973e-01
5.546225668396976838e-01
5.758715525612531083e-01
5.622099318073090490e-01
5.611821334681235118e-01
5.740162232411883947e-01
5.644986003214974568e-01
5.624268458902325074e-01
5.735890839356546644e-01
5.670704902166859851e-01
5.653535538842463515e-01
5.582888337346497698e-01
5.594120391225745337e-01
5.755425274023130422e-01
5.743739970180006260e-01
5.688591154816304840e-01
5.744649926956842956e-01
5.611505011669531973e-01
5.870259839164421178e-01
5.849465653330758741e-01
5.517980420664226893e-01
5.533842719174278946e-01
5.603455473932111852e-01
5.746723541350615694e-01
5.606742801120475628e-01
5.647992048850770663e-01
5.606168837114483550e-01
5.780452689275021871e-01
5.639437274111124276e-01
5.750390002289638147e-01
5.578280973811855503e-01
5.681246342944865635e-01
5.716950324912686288e-01
5.709486602262208166e-01
5.613120489551746140e-01
5.795533743183406417e-01
5.590176562438026187e-01
5.769489564957226424e-01
5.791614307051727861e-01
5.618509793105995742e-01
5.745549210472973289e-01
5.590595195545164930e-01
5.696566129500137965e-01
5.609181719898643781e-01
5.609636616256928887e-01
5.646232552458710918e-01
5.633522720122356997e-01
5.701482849143726384e-01
5.624914169750746540e-01
5.894539758199709434e-01
5.667967000273527178e-01
5.836851307314366855e-01
5.677490038441614928e-01
5.505501266544963190e-01
5.913424218169636148e-01
5.663020801352930400e-01
5.665945021194296327e-01
5.806102472803650327e-01
5.698483591881825516e-01
5.673812928376230635e-01
5.755597027539791632e-01
5.509628495333348530e-01
5.515519649536634317e-01
5.609079304014528145e-01
5.634051803973638695e-01
5.703118329486144278e-01
5.750695092249227258e-01
5.750980745229418156e-01
5.478428130409289665e-01
5.700582148674899763e-01
5.643277077090738114e-01
5.633788584519436871e-01
5.547505406836898967e-01
5.801156106497747933e-01
5.713992150602910103e-01
5.682342982101163953e-01
5.542925303449616203e-01
5.652993715729847102e-01
5.776955800176728495e-01
5.770530739680096444e-01
5.653815998473700200e-01
5.702460481393156755e-01
5.692083119959534532e-01
5.692265310299519099e-01
5.572906062570227581e-01
5.672176296061584022e-01
5.627938532899606772e-01
5.649771183237226602e-01
5.686179097769721302e-01
5.647781551667242494e-01
5.738520076329143293e-01
5.748942942291543901e-01
5.668526365788518762e-01
5.646312288481029062e-01
5.647867122627575620e-01
5.792281279191057175e-01
5.551217280732912984e-01
5.627136942395893904e-01
5.557626595992816165e-01
5.642961409828117780e-01
5.591109836080578877e-01
5.620618371033170302e-01
5.582532118035067326e-01
5.608226801919571347e-01
5.669945869303723018e-01
5.666263557228308212e-01
5.700186908507196559e-01
5.522733918321507396e-01
5.714855063463805118e-01
5.620687695053736554e-01
5.533039503787442470e-01
5.540691982496653845e-01
5.762002533813436189e-01
5.615610373143699041e-01
5.567203426109084141e-01
5.672454999575775592e-01
5.669410758468232947e-01
5.717082931459978035e-01
5.822935432226574726e-01
5.620803075373809188e-01
5.644620836973308631e-01
5.764927579521597067e-01
5.623128426138641611e-01
5.672962255591605940e-01
5.730348480095137642e-01
5.640691239924472411e-01
5.657750363773271784e-01
5.757210368253681265e-01
5.664077386488344246e-01
5.647952073420039465e-01
5.726460335062671936e-01
5.633928307295775761e-01
5.673571818146441181e-01
5.548027442315851543e-01
5.547390294309169079e-01
5.843883834712464420e-01
5.582946342092420799e-01
5.822337184537266230e-01
5.529424020273226992e-01
6.026736456244052853e-01
5.784213064576867458e-01
5.610570582729360600e-01
5.749558360316667782e-01
5.661893549331049602e-01
5.655756645654993475e-01
5.601218019024136741e-01
5.753937476385089234e-01
5.741204533226961226e-01
5.822444229768565238e-01
5.755907066833050312e-01
5.620559165903024068e-01
5.853928280350016999e-01
5.582059945896441500e-01
5.788528462569619837e-01
5.696278743964922064e-01
5.796664296629878699e-01
5.819182824765449791e-01
5.628432592199088536e-01
5.701368709293398451e-01
5.659040859251240896e-01
5.793835868708642201e-01
5.466390337361926033e-01
5.681945888123109967e-01
5.625437106507431562e-01
5.699096309246516334e-01
5.857293091691803122e-01
5.714472936127642511e-01
5.807584286909530658e-01
5.719067473926369161e-01
5.676213335718414132e-01
5.623000270616577145e-01
5.651668766412838441e-01
5.733069448312758665e-01
5.705980993556785119e-01
5.747666247496986403e-01
5.729305705986414976e-01
5.721777369528158186e-01
5.775024753368203090e-01
5.705375162201199446e-01
5.751401064922607720e-01
5.795599316437939352e-01
5.698234218086356551e-01
5.889641202989520652e-01
5.719583139321726684e-01
5.768272625424770705e-01
5.733460723974296291e-01
5.495396233166464084e-01
5.666353805937162091e-01
5.641150468167051013e-01
5.863646870966658931e-01
5.673870791552875215e-01
5.832612322065242605e-01
5.630334285205333966e-01
5.644950590952680924e-01
5.841745856696400896e-01
5.672583615923082467e-01
5.586997180288670872e-01
5.658598553403551001e-01
5.659638076473125778e-01
5.626959766604018309e-01
5.535926662112347074e-01
5.753177796292777701e-01
5.627038881553126926e-01
5.740271426222696149e-01
5.694507316290327026e-01
5.859366187158200345e-01
5.698634299394744751e-01
5.742071941985844585e-01
5.628076749251422761e-01
5.673177202575925282e-01
5.569798147911810826e-01
5.634388024798060446e-01
6.016032704939533460e-01
5.839824032306389912e-01
5.718969221199955433e-01
5.480745627120531260e-01
5.705926018743396888e-01
5.590891327592786286e-01
5.531735209350330251e-01
5.587531232001596848e-01
5.863558911600951218e-01
5.707979027770634373e-01
5.739646508521442092e-01
5.426792379790768006e-01
5.893523059549466980e-01
5.550687287742913645e-01
5.549265563990745109e-01
5.704110016317793797e-01
5.746982314290793870e-01
5.556642306317040036e-01
5.824035120696328116e-01
5.664525052240148018e-01
5.607441230334414550e-01
5.707417975823537715e-01
5.837319786073156269e-01
5.561639930615340788e-01
5.751886988990292382e-01
5.467668653416563052e-01
5.570658219828119595e-01
5.589613528776447016e-01
5.583533315522855034e-01
5.756079816760107937e-01
5.538975468710225503e-01
5.635743004316670079e-01
5.630764300428917624e-01
5.630117363064791602e-01
5.711011402936440051e-01
5.554700761911247620e-01
5.888246211773379146e-01
5.626865181414545392e-01
5.584307961256943509e-01
5.356567766925683927e-01
5.791518050659967276e-01
5.739609774043394896e-01
5.639244635322058219e-01
5.694303572096950372e-01
5.862499872850553961e-01
5.410585784792785180e-01
5.797706321799861451e-01
5.678842116307202259e-01
5.763900697481443292e-01
5.825327890125409080e-01
5.554967186622585817e-01
5.574129931043714237e-01
5.698390209636493564e-01
5.845770352641679324e-01
5.718358503622746891e-01
5.626471205414897980e-01
5.591661659790059247e-01
5.751200715814154263e-01
5.632443474225299340e-01
5.758686160389016040e-01
5.344219783670766111e-01
5.500243829941948714e-01
5.884346189458192766e-01
5.495647994390562285e-01
5.569923319230153380e-01
5.701268775595124128e-01
5.822863345264335244e-01
5.795997665889806028e-01
5.701905096225462488e-01
