# Branching Ratio
3.967946750568508429e-01
3.921150046073004769e-01
4.043131899199451929e-01
3.812656884713863104e-01
4.083437903900946075e-01
4.069619789080826111e-01
3.974771403562216143e-01
3.998685429597312879e-01
3.971665279052121744e-01
3.904194473044956259e-01
4.018256316303184805e-01
4.058367755878094507e-01
4.069117882194823177e-01
4.065304387427444155e-01
3.985306739155589639e-01
3.910455618512955756e-01
4.021845827756201364e-01
3.950608557321612091e-01
4.035392799975651146e-01
3.921003525211165797e-01
3.840069993467420395e-01
4.003950191893756450e-01
3.905169236518429288e-01
3.899953337162237466e-01
3.891139063257045283e-01
3.993440698408273204e-01
4.058959468758498446e-01
3.892927807549435570e-01
4.021989869610895219e-01
3.886544836057580499e-01
3.930051564231449301e-01
4.016454041974807931e-01
3.924991503711526830e-01
3.925289646334058635e-01
3.900460301759061665e-01
3.973514173525594106e-01
3.969699652414002689e-01
4.005159217097855051e-01
3.914298501298124622e-01
3.932792356006893364e-01
3.951464095237851581e-01
4.020117891736824101e-01
3.852085877013134430e-01
4.022189433825168470e-01
3.960713818277711851e-01
3.837220863438035034e-01
3.969010586150764630e-01
3.922295843736174903e-01
3.956051070000242698e-01
3.899075649057074933e-01
3.952253964960801835e-01
3.911649236645957650e-01
3.922587792909987825e-01
3.935566140234822430e-01
3.946622737970481576e-01
3.935108039656419199e-01
3.920590155061970394e-01
3.879957120726090780e-01
4.006654938280432843e-01
3.917910074323589509e-01
3.947212067306756222e-01
3.841343920452002791e-01
3.891035124769928188e-01
3.921326979885475517e-01
3.967625026593716853e-01
3.897397692959761462e-01
3.902963994325006070e-01
3.924257024377069136e-01
3.894178530653452652e-01
3.858298087176476043e-01
3.846295977256300458e-01
3.886615530954475317e-01
4.042238495439585133e-01
3.985657770224880214e-01
3.956610438784579631e-01
3.953109195638392914e-01
3.931915742437402383e-01
3.839822109671632289e-01
3.920588788894027732e-01
3.958022947148441273e-01
3.902930490135715358e-01
4.013623051190253199e-01
3.912296009934072005e-01
4.051351587568688961e-01
3.911708266735979822e-01
3.963519663895889722e-01
3.967614804007438267e-01
3.919600574504871759e-01
3.999440405414649846e-01
3.924474024399881578e-01
3.903221679918274512e-01
3.945084083619188609e-01
4.036586962353258534e-01
3.906934040847810929e-01
3.864135359636308720e-01
3.877639670560779073e-01
3.966101475158901879e-01
3.927068253614837134e-01
3.935445218870396444e-01
3.896862918658519637e-01
3.803200479568206727e-01
3.861728820241510096e-01
3.880756122184951806e-01
3.974880514442414858e-01
3.863488074118092142e-01
4.005678807130637620e-01
3.919130636870080120e-01
3.916031943238971191e-01
3.968936781741235209e-01
3.849543443173813473e-01
3.941985943720291985e-01
3.953051529212059378e-01
3.940519310049998003e-01
4.008334123987306596e-01
3.841318850910031002e-01
3.863810880214159083e-01
4.014863382424959104e-01
3.866465437797675375e-01
3.918254385849380683e-01
3.884928881963940484e-01
3.900917977142698279e-01
3.973046082608009955e-01
3.965564861117340523e-01
3.863602266066151758e-01
3.986365241931312808e-01
3.950699876544636613e-01
4.029133863379302238e-01
3.908523180452672108e-01
3.966303367744752340e-01
3.902031162957613208e-01
3.992233994008699272e-01
4.008754893704960520e-01
4.012867017467651731e-01
3.990315080585044027e-01
3.931053436777370846e-01
4.019521995990598673e-01
3.914613996487200653e-01
4.034310406527112369e-01
3.987214232077205822e-01
3.866118539114657970e-01
3.953867763204073071e-01
3.982020954226161424e-01
3.903160701504676533e-01
3.900765547656798171e-01
3.819176766928258360e-01
3.994325485931796149e-01
3.941501834439328777e-01
3.965406208289031786e-01
3.966893783353467873e-01
3.975144650130656987e-01
3.993213625836802838e-01
4.018742855452456797e-01
3.887805344305950705e-01
3.994779183105799381e-01
3.866800852866296712e-01
3.874779739068465734e-01
3.927113535970312430e-01
3.934065268229263723e-01
3.847560657520585625e-01
3.884103860095780014e-01
3.987086272614036586e-01
4.005275088591994104e-01
3.958248133113112521e-01
3.928990403701861922e-01
3.833415830050658224e-01
3.917861646374763418e-01
3.918585017366845169e-01
3.861477184084679548e-01
3.989308189030214002e-01
4.025797294116210123e-01
3.891376530743856366e-01
3.791862944945763036e-01
3.957902690077220176e-01
3.885501900862661229e-01
3.820029257102381948e-01
3.926001711270834527e-01
3.901990644846553558e-01
3.867482382043802014e-01
3.859219745213284258e-01
3.862243655135326192e-01
3.946878913056515725e-01
3.912458867782840355e-01
3.982566879505938795e-01
3.981407666402410062e-01
4.064945813381501960e-01
3.853680508925368953e-01
3.833501631945959165e-01
4.050685611859876634e-01
3.956444618924249146e-01
3.989775471768622905e-01
3.883837833998219358e-01
3.996421068715572678e-01
3.829805566971473119e-01
3.869333705122249834e-01
3.939760478755885420e-01
3.936563115459538187e-01
3.845042396580961586e-01
3.936527058146818137e-01
3.928810840556585249e-01
3.840354963018973722e-01
3.902067315400200020e-01
3.995039487963776836e-01
3.986968459492696848e-01
3.947264103798561186e-01
3.946379231960416845e-01
3.985257490195817098e-01
3.944748891912723265e-01
3.895919409036628922e-01
3.844685869193242844e-01
3.848838662632371177e-01
3.910602400288511471e-01
3.938416066303649932e-01
3.940811372730248507e-01
3.890440591240154622e-01
3.961612620247049188e-01
3.898245601304948793e-01
3.941648155517328833e-01
4.015543508049522758e-01
3.841052754081419329e-01
4.009039520625039543e-01
3.998135690894544236e-01
3.846883270506412655e-01
3.938912159268167512e-01
3.911373109711265283e-01
3.861923956192745977e-01
3.955651834594753335e-01
3.951346437102533082e-01
3.881668396469457605e-01
4.007927755761517274e-01
3.939065495239902348e-01
3.889205249580423573e-01
3.977433195202403349e-01
3.916176437795323984e-01
3.844668334468164805e-01
3.943940191591744360e-01
3.816306692031947168e-01
3.938149129668045978e-01
3.862394375733952945e-01
3.911062009453086241e-01
4.070887468137712739e-01
3.990589258851008903e-01
3.889062479930261995e-01
3.941507150928736936e-01
3.945648196084710069e-01
3.929844789265099503e-01
3.903952513250487644e-01
3.893508372845074228e-01
3.961611463692462642e-01
3.989524893311851006e-01
3.874042076538490864e-01
4.013847011434790168e-01
3.982679603162634363e-01
3.919252117897027987e-01
3.922417791217289174e-01
3.859336483768469050e-01
4.095138085179100274e-01
3.988169637722910887e-01
3.873018427893297200e-01
3.789212925845069080e-01
3.993206117809279254e-01
3.828709780553858355e-01
3.962960320586819130e-01
3.878603644170305897e-01
4.004281725614221021e-01
3.963038565187240736e-01
3.821799677705149945e-01
3.904905277360568583e-01
3.911164845659694800e-01
3.958178488224503022e-01
3.881788731094552580e-01
3.823182743869308897e-01
3.816384121450841493e-01
3.888499122331235403e-01
3.908266951949734280e-01
4.067716677112608314e-01
3.874839138544811101e-01
3.986249474066922427e-01
3.749955578212265106e-01
3.881188265316827257e-01
3.974789667203729171e-01
3.917414105155660464e-01
3.937570585584835858e-01
3.953783668365163373e-01
3.936450335125743494e-01
3.892084797618297620e-01
3.764920078846842322e-01
3.938847980444030727e-01
3.973005838414063740e-01
3.803530218209010272e-01
3.860825250846344203e-01
4.067681532146801282e-01
3.900444649852484735e-01
4.027279698872698876e-01
3.893517446637224655e-01
3.851440665158740728e-01
3.915938162277018408e-01
4.053652924936591573e-01
3.963629285968176541e-01
3.999792976081877893e-01
3.860647018717922041e-01
4.049818702210746246e-01
3.924295405833871375e-01
3.977008551318840790e-01
3.904900612397949056e-01
3.995843683598246932e-01
3.964245849043566694e-01
4.043185061298256722e-01
3.911926273663122733e-01
3.997714851162379457e-01
3.871847334918243622e-01
3.938652322034592035e-01
3.937163954535572996e-01
3.928766063990304924e-01
3.963777185824244320e-01
4.060796205387623425e-01
3.966776157008061188e-01
4.017639364421358161e-01
4.001051298665411760e-01
3.863795845079581737e-01
3.939564299068984421e-01
3.993073273750784025e-01
4.036543607467905637e-01
3.955831764501434589e-01
3.762606924658265517e-01
3.974183230055482463e-01
3.988389603862032562e-01
3.934475737249155669e-01
3.894236081911625069e-01
3.884225303509385996e-01
4.032785993939541069e-01
3.948364795103246894e-01
3.850699359253001441e-01
3.875003026210468438e-01
3.988655821676077018e-01
3.938608610485237471e-01
4.071219218724039801e-01
3.915269831878034901e-01
3.933261846800034656e-01
3.825013700697760810e-01
3.849177008002812039e-01
3.970198036995672419e-01
3.933638757748379455e-01
3.868585802934731976e-01
3.897156652506835184e-01
3.897865269790255494e-01
4.053654775076052652e-01
3.881484478042184771e-01
3.918318544378626700e-01
3.943256038835300514e-01
3.856600569949875101e-01
3.991929060599621049e-01
3.864370842004684059e-01
3.889570474259542721e-01
4.019963660236876568e-01
4.083964412726440174e-01
3.908349615038153035e-01
4.058439082544695320e-01
3.967921926102614960e-01
3.922159331238249114e-01
3.949213905884711995e-01
3.858911742440109260e-01
3.945768381667814628e-01
4.094207427461293847e-01
3.872535773683356553e-01
3.933933128092933496e-01
3.901475829429144060e-01
3.866409725661352215e-01
4.000074830577216578e-01
3.916554110197223992e-01
3.960339507162518036e-01
3.877196444344029880e-01
3.849067078117552887e-01
3.882178838991164893e-01
3.953015788909635675e-01
3.880120315338297932e-01
3.863624226559306818e-01
3.925853320392317936e-01
3.864657131516843203e-01
3.929800938797429199e-01
3.858831693240161731e-01
3.959157426286253889e-01
3.836675346436166367e-01
4.003990524775882798e-01
3.970448257307804263e-01
3.911084716230884828e-01
3.998093300819063889e-01
3.911267812922529785e-01
3.834699771693873549e-01
3.809095422072873993e-01
4.008273710171497695e-01
3.828256919439433359e-01
3.982267590386126543e-01
4.020314742271995367e-01
3.950948559002465665e-01
4.052454458308815122e-01
4.079791077079200079e-01
3.796796210994564102e-01
3.977523433329642200e-01
3.978524815243765222e-01
3.969273542472177008e-01
3.896709732279758365e-01
3.894116617414506432e-01
3.903032685394892121e-01
3.956148812451049102e-01
3.941810881956595569e-01
4.022354229303782280e-01
3.848201543352557930e-01
3.870959379688004853e-01
3.952235495661659548e-01
3.941619249564597971e-01
3.882824068203198919e-01
3.935482703777238300e-01
3.954850793827852651e-01
4.016135921241358320e-01
3.973166059244747639e-01
3.943968324022567029e-01
3.940433627803391348e-01
3.889164585834238297e-01
3.800317514504424898e-01
3.943347022275667801e-01
3.977855113688264499e-01
3.807700651229750655e-01
4.048564509132080991e-01
3.842442670236815294e-01
3.915524165187487804e-01
3.983125830473906448e-01
3.996145686597976088e-01
3.987256262030061671e-01
3.889694071048147017e-01
3.922071734945104526e-01
3.992764848494234631e-01
3.884003939770713232e-01
4.018321599321982851e-01
4.027648991566304959e-01
3.944358338506747108e-01
3.865984348340802401e-01
3.919592922960406511e-01
3.906489196913502937e-01
3.945340556879133875e-01
3.950410582618477107e-01
3.963261915093426180e-01
3.870851347336585757e-01
3.972322509766479381e-01
3.832713193219206005e-01
3.933168691171667897e-01
4.019989605349104100e-01
3.823772522562068343e-01
3.972764794886425865e-01
3.909259846933555993e-01
4.023173828007737818e-01
3.931645358900044962e-01
3.930161135862851318e-01
3.854975982279338909e-01
4.001119305262357262e-01
3.920029277353861419e-01
3.937309285860080554e-01
3.981387040507408659e-01
4.048092693674243958e-01
3.857628306210391100e-01
3.968493654657007652e-01
3.834648209642267935e-01
3.985684181244548152e-01
3.973231890797320753e-01
3.933707127349024280e-01
3.829601829568739513e-01
3.923407207954136000e-01
3.953778421741302451e-01
3.848438480652931482e-01
3.846690724309386189e-01
3.891459615902447267e-01
3.927775995498546946e-01
3.916911883845012321e-01
3.934107302372893411e-01
3.965063971952531574e-01
3.846601446857432771e-01
3.955102551923226351e-01
4.022433166201097032e-01
3.839759105011830154e-01
3.965170674855258426e-01
3.813296169285758097e-01
3.844569801674700416e-01
3.923455062525668668e-01
3.806922420578176536e-01
3.900834441640456673e-01
3.911027584913273070e-01
3.901399645585486020e-01
3.860098169739911156e-01
3.996975470964801436e-01
3.892604461026700213e-01
3.882392135025355406e-01
4.018862807961363637e-01
3.999154131075161600e-01
3.951616334884808235e-01
3.936626829269979089e-01
3.928569895857125238e-01
3.981825715950143008e-01
3.945265475671128619e-01
3.897925946144714660e-01
3.934849458174708436e-01
4.000151939730371420e-01
3.907832180397480815e-01
3.878149789568086647e-01
4.032125537938651694e-01
3.950770921163584415e-01
3.942959344239617692e-01
3.930606932203338788e-01
3.958962038460829280e-01
4.000144930487941619e-01
4.005423354230270849e-01
3.905402361586354232e-01
3.983721283264911039e-01
3.954968694619076519e-01
3.862880707483353215e-01
3.933408061818783885e-01
3.874816399538653089e-01
3.910588107356283150e-01
3.969014847417687286e-01
3.995582088685368238e-01
3.962975080799444050e-01
3.902542049046134331e-01
3.881952403378539640e-01
3.860805300407401663e-01
3.958684683993146658e-01
3.961362543835391103e-01
3.955959699432180510e-01
3.881973602294161996e-01
3.930166372890179227e-01
3.898698106075738634e-01
4.007401324625182726e-01
3.903972059510692483e-01
3.917592645137940588e-01
3.956029979807726971e-01
3.836083630720389936e-01
3.967958629339178311e-01
3.912470504161591478e-01
3.783595578257149539e-01
3.948153639802989279e-01
3.937915162450308926e-01
3.943641795395412819e-01
3.982248280682381125e-01
3.966268149551046007e-01
3.842701826203974158e-01
3.920753058797376567e-01
3.943184039244370664e-01
3.939938478326130977e-01
3.889052681506524056e-01
3.899871588968590874e-01
3.827544342526352228e-01
3.973015081182297292e-01
3.964531630838490361e-01
3.848883218329245404e-01
3.925395229970901068e-01
3.861699972297072403e-01
3.952000999261829906e-01
4.093514871583284753e-01
3.991763713769098665e-01
3.985270234489602381e-01
3.888455579668527728e-01
3.999797532742657702e-01
3.881977269327351876e-01
4.054492298698124109e-01
3.934864157767494208e-01
3.894927823870191208e-01
3.998940184176585366e-01
3.927703543451341317e-01
3.901139491765479028e-01
3.879669447582148600e-01
3.904522797332600770e-01
4.009638593135255724e-01
3.927245140710750038e-01
3.978286440339718899e-01
3.955439444797081427e-01
4.025576518218095812e-01
3.997161481936313820e-01
3.897266357161470740e-01
3.953578339631066974e-01
4.024536245737217466e-01
3.916349552906240872e-01
4.032995230622128946e-01
4.019922277079132078e-01
3.855469030410589304e-01
3.868344023184362435e-01
3.893201804858322790e-01
3.949783902504611088e-01
3.934974954034807237e-01
3.986556453367530173e-01
3.888611793296491981e-01
3.930587679136706147e-01
3.844599171517042446e-01
3.983942989997941719e-01
3.993613278739027717e-01
3.915446026339840513e-01
3.878836961340374478e-01
3.962794686644577347e-01
3.938473354127169923e-01
3.968933819912134897e-01
3.998592912322397885e-01
3.839454966887139165e-01
3.897494552604293672e-01
4.026855613098568876e-01
3.839937059705507694e-01
3.936405932986160594e-01
3.892152996907407569e-01
4.002332124856080031e-01
3.884582696384862310e-01
3.914193584561886374e-01
3.872191777384589861e-01
3.755269655877249146e-01
3.943652655932974316e-01
4.013428951560136793e-01
3.902080201629620215e-01
3.927773878312614819e-01
3.911098763650474597e-01
3.845346375818615159e-01
3.989506467967152692e-01
3.876984809689996148e-01
3.898956481855763712e-01
4.004371013237205124e-01
3.869333243322375937e-01
4.000416657518400254e-01
3.869870419112795279e-01
3.992122119652844470e-01
3.998506988041426458e-01
3.895747453401000038e-01
3.871244817673564209e-01
3.947709213419821617e-01
3.928057266575912254e-01
3.959677724476524108e-01
3.954122620351098738e-01
4.018467364975335521e-01
3.973372301343615076e-01
3.952292271725494355e-01
4.053636245216776235e-01
3.962950066855060460e-01
3.950038439766695997e-01
3.890468919505495338e-01
3.879691155538960157e-01
3.852438799996830143e-01
3.886232820001917498e-01
4.035564220308071048e-01
3.801941279265019791e-01
3.841045626887955033e-01
3.920241975968626336e-01
3.876637455576633640e-01
3.883788479952873240e-01
3.926770316174955644e-01
4.054328060849900495e-01
3.912149840015974878e-01
3.836422484291288071e-01
4.051671789659834211e-01
3.866885147206622353e-01
3.966448646374553522e-01
4.017522257070030856e-01
3.922587923843015023e-01
3.908966455338980239e-01
4.051900274464475538e-01
3.950724422438818828e-01
3.842198969939027431e-01
3.817576326094451744e-01
3.939860133987233004e-01
3.931476650648469406e-01
3.951703430836041586e-01
3.859803616412514349e-01
3.862573306025289255e-01
3.861723529200938865e-01
3.881032171908514461e-01
3.919215508743680854e-01
3.897464945122370850e-01
3.885516088734520257e-01
3.984302244066904586e-01
3.958203467826347799e-01
3.933809661020640780e-01
3.852518830284272222e-01
4.012336281507756786e-01
3.942761924933512185e-01
4.000368994096202835e-01
3.946390558606326371e-01
3.932563029672623278e-01
3.928983658292556913e-01
3.885467384985643036e-01
3.940607477858207863e-01
3.832178290245787378e-01
3.880755497212632354e-01
3.899073319533981064e-01
3.975921987623587395e-01
3.938080772223800374e-01
3.850215882162756897e-01
3.802614820654490191e-01
3.911870448853665416e-01
3.937412040518930012e-01
3.823940413174224950e-01
3.892280761284828694e-01
3.942858533157837519e-01
3.917798626897295300e-01
3.993357811222592035e-01
4.011419854779841865e-01
3.794013000093431898e-01
3.937102770369506066e-01
3.745882015200599491e-01
3.977621365336531656e-01
3.971660192737239692e-01
3.979683707557177264e-01
3.886805776428630677e-01
3.976595365242612257e-01
3.919535031963447547e-01
3.852230703514824550e-01
3.914633693005762916e-01
3.919041893374484165e-01
3.953911927042082497e-01
3.858914358814042878e-01
3.869967214329837479e-01
3.913106263003400809e-01
3.883562955230538405e-01
3.853054446674361588e-01
4.103334304056308057e-01
3.973468660066762914e-01
4.006316298781606444e-01
3.913562418362299677e-01
3.948961456477857457e-01
4.026563126128190340e-01
4.002210058071956622e-01
3.911039176003531792e-01
3.839921226051649095e-01
3.820469583050619677e-01
4.025381935683061130e-01
3.895790332326872774e-01
3.908685207794744820e-01
3.987319160436025300e-01
3.994698376836707254e-01
3.960627990242828744e-01
4.012665995439959610e-01
3.982047138636783945e-01
3.869082969687069884e-01
3.939663029719230325e-01
3.982082751377329366e-01
4.055036445296277825e-01
3.919911750555057361e-01
3.921282736390205859e-01
3.902618753177337085e-01
3.965670425042664982e-01
3.931193910920106616e-01
4.000937707197547155e-01
3.870142142335832314e-01
4.018432043397083819e-01
3.924757393647370640e-01
3.957424302805083727e-01
3.900759078041706185e-01
3.877103123028872167e-01
3.963627584423963235e-01
3.875664622100636891e-01
3.820236926641975561e-01
3.897885920464344012e-01
3.966696460744269515e-01
3.941391934740287040e-01
4.011561770533444982e-01
3.921746564832684911e-01
3.909832048801748505e-01
4.047471453244216311e-01
3.897392604949904693e-01
3.896863360012176036e-01
3.946279456858568513e-01
3.999346400673174928e-01
3.924434357829009179e-01
3.960009611420381437e-01
3.984589663206653531e-01
3.945510144565460564e-01
3.951816063715632987e-01
3.849125322305192443e-01
3.974136796647687597e-01
3.847356026273277552e-01
3.894650074725022337e-01
3.860582424166160709e-01
3.819565305051391135e-01
4.038014715130673893e-01
4.028165662692937965e-01
3.966768109239161011e-01
3.895498710756641891e-01
3.934283610232551798e-01
3.847893160360814080e-01
3.968442467440433941e-01
3.975549188613555218e-01
4.037545901573530438e-01
3.948150655244926366e-01
4.043848126730754666e-01
3.911528006093007992e-01
3.988760330967116574e-01
3.844480333322579657e-01
4.090148473282507746e-01
3.860933101823302849e-01
3.893777358808425126e-01
3.900301003163571534e-01
3.975611245476434741e-01
3.989147917692490442e-01
3.905191734700147466e-01
3.845877224435657049e-01
3.887191594675759032e-01
3.831258697814758918e-01
3.927133441073287767e-01
3.924386374381535481e-01
3.936317951102694113e-01
4.014104419726778894e-01
4.103095643543280824e-01
3.993450501813066711e-01
3.905737282118690867e-01
3.875351619774344836e-01
3.977519863963264179e-01
3.867339033518747970e-01
3.855747711443152648e-01
3.963561246536266292e-01
3.879125870276181054e-01
4.056574151076982604e-01
3.977829519513794709e-01
3.856051771698578157e-01
3.893052396166195028e-01
4.035506733876119689e-01
3.951847541776071782e-01
3.957878630353299232e-01
3.986319455424392477e-01
4.027603089912759615e-01
3.975728024573447206e-01
3.948845915823434582e-01
3.995128740414102819e-01
3.937744850766053961e-01
3.873301228194034884e-01
4.012135290377011332e-01
4.025080687064238605e-01
3.976086394802133550e-01
3.857704651448962130e-01
3.917030347692708192e-01
3.893596740357329611e-01
3.960401581060708498e-01
3.894023443998844702e-01
3.821820865449117033e-01
3.917807958301015026e-01
4.010588661092648888e-01
3.949938161052296559e-01
4.060154783427212255e-01
3.916704556437688445e-01
3.951166163343619031e-01
3.869696761770975990e-01
3.993947746406786847e-01
3.922870482788338165e-01
3.934071789470565683e-01
3.788134215146127803e-01
4.027935642293441476e-01
3.867181383261926175e-01
4.085912453550359924e-01
4.037991507527042834e-01
3.869149209851940330e-01
3.989768879118560374e-01
3.828909833149252151e-01
3.956140394244967995e-01
3.909728453693834260e-01
3.908976099823772699e-01
3.911653455506495791e-01
3.938714294051482989e-01
3.969477629082194814e-01
3.937182716952775663e-01
3.885215223507900717e-01
3.911622898913850177e-01
3.912314015373966058e-01
4.042791570389271949e-01
3.969960815109374597e-01
3.905868554198924092e-01
3.893478557763433434e-01
3.914404998540595426e-01
3.903199637939256950e-01
3.841187289903462698e-01
3.995414752874822950e-01
3.969881562502147188e-01
4.030956317191936034e-01
3.857481213596697933e-01
3.872697095731408301e-01
3.961699548326414466e-01
4.134555655307916577e-01
4.012845790632944554e-01
3.965837826129143262e-01
3.802799528191362910e-01
4.041770812629634224e-01
4.050416544842806443e-01
3.888490805108050230e-01
3.893441409369558515e-01
3.961075591438112387e-01
3.810332392112219524e-01
3.911947540724428074e-01
3.978406841881577116e-01
3.928688019470883974e-01
3.906762068938388621e-01
4.023434542460011532e-01
3.984598657800426103e-01
3.887661358777363962e-01
3.931848066746508330e-01
3.896482313306237621e-01
3.870249245585297704e-01
3.919865016096057420e-01
3.907443485761459279e-01
3.916747054434023823e-01
3.918202069805561405e-01
3.904122813350820453e-01
3.867872203239580142e-01
3.914986444401411525e-01
3.896754559463417311e-01
3.978904002129875495e-01
3.811627544858841588e-01
3.845225207685936120e-01
3.895962201250848245e-01
3.977809951048739689e-01
3.961913725520264107e-01
3.938150760828030839e-01
3.838759600279221251e-01
3.907315392757115813e-01
3.891894220572524321e-01
3.910269249917796563e-01
3.902977377794463187e-01
3.753952332348199361e-01
3.883428339039936561e-01
3.875250491912371476e-01
3.758928426551960134e-01
3.869364269240032073e-01
4.011316823895909045e-01
4.003121931210136264e-01
3.947794180472528613e-01
4.046881527702349546e-01
3.983232972477136480e-01
3.983480641738856853e-01
3.872937377685158333e-01
3.960908382138545458e-01
3.875859497359785411e-01
3.915950961917101791e-01
3.926962558690582639e-01
3.942462011279392331e-01
3.851307250664431359e-01
3.969363097971717602e-01
3.850074908553876019e-01
3.913131432574056823e-01
3.920901113521894632e-01
3.876483193796003701e-01
4.002027595443534702e-01
3.882243524736402884e-01
3.931595721206781469e-01
3.903577125898993749e-01
3.874398881579398379e-01
3.873627214406714647e-01
3.908763424118794072e-01
3.846881577858984325e-01
4.041835461429991172e-01
3.906090677562819580e-01
3.840506114529354531e-01
3.888376223121423059e-01
4.004746827508904317e-01
3.977140224799783352e-01
4.064943185573389184e-01
4.020592544726881434e-01
4.048045279947129482e-01
3.962365941966360938e-01
3.839701288098572585e-01
3.955137002251687961e-01
3.796067245019865699e-01
3.943679435940571354e-01
3.973089128004411719e-01
3.950441060070260524e-01
4.013926776989006351e-01
3.906081670738886791e-01
3.860155894672605004e-01
3.927366861069028214e-01
3.883222217902745910e-01
3.989866892234192886e-01
3.965981351066115157e-01
3.919983861076935527e-01
3.915173924895435920e-01
3.888941694641399049e-01
3.923386230704779543e-01
3.886157905602737328e-01
3.995222907131865675e-01
4.048331337055958157e-01
3.957921363372639556e-01
3.943286935329664566e-01
3.911402780775565802e-01
3.989552538050145092e-01
3.901506878983568849e-01
3.909738641649951885e-01
3.923566461926073501e-01
3.854676183981369242e-01
3.927891143292219223e-01
3.951656861536514409e-01
3.967311930720087143e-01
3.879596695936886053e-01
3.896950599312021812e-01
3.913649911143373128e-01
4.006181816485218650e-01
3.953690418860434930e-01
3.796594499076055285e-01
3.864168547575170254e-01
3.954497642305720428e-01
4.009411050766756301e-01
3.909719569801533012e-01
3.971584261321718934e-01
3.825069949733759245e-01
3.841918240000110063e-01
3.847783611606318543e-01
3.862795272121587464e-01
4.014095726383187790e-01
3.935237250108143403e-01
4.021651313424904339e-01
3.868141073043799283e-01
3.954919521164890761e-01
3.935932834715671347e-01
3.915708990529160882e-01
3.954615209971764633e-01
3.838223215975848368e-01
3.901291331093013071e-01
4.016875313143666859e-01
3.914592857016954697e-01
3.989903695055602162e-01
3.834555536949981747e-01
3.938983848208922334e-01
3.975216127630870067e-01
3.984564510512392244e-01
3.864296954500575643e-01
3.835209911099023983e-01
3.888442156056576837e-01
3.933181133880191416e-01
3.985022729346520132e-01
4.072460504794414571e-01
4.009163978898736547e-01
3.837286334624062101e-01
3.982670363383945533e-01
3.944267670905774459e-01
3.921689469580782461e-01
3.979282912001110839e-01
3.889195912485325368e-01
3.854957153188220964e-01
3.842340723826729310e-01
3.906035375420845446e-01
3.889369347668854004e-01
3.914721004720002617e-01
3.824600148946974976e-01
3.855236451573519907e-01
3.905621531775512190e-01
3.922430711885076526e-01
3.909511484864949815e-01
3.888667725281773069e-01
4.020952493546732232e-01
3.987061006310032574e-01
4.003212010270203458e-01
3.879898634296474746e-01
3.925297863534690790e-01
3.925161470818629428e-01
3.973391893849584355e-01
3.959632982334139739e-01
3.810520098867594130e-01
3.887731875316048358e-01
3.884840269297146764e-01
3.817206033538153576e-01
3.887171193295226312e-01
3.963354580424160445e-01
3.966189810704912611e-01
3.861023601244186199e-01
3.982009628059135498e-01
3.858333282235060779e-01
3.876270427454629464e-01
3.905403973780260940e-01
3.902608670128950852e-01
3.888950872188974284e-01
3.893654518298540479e-01
3.941144794603786972e-01
3.820392887475891897e-01
4.020068227939334049e-01
3.911290564926167002e-01
3.932578156042932371e-01
3.882019060169297764e-01
3.994605864175636567e-01
4.045634169575901273e-01
3.919316550321830239e-01
4.058088918445477700e-01
3.966540350238938473e-01
4.027748133655899565e-01
3.938226612266076399e-01
3.938699238170493833e-01
3.977098101616690640e-01
3.970312550845571664e-01
3.789860845644173470e-01
3.830873222491406049e-01
3.933926013087984397e-01
3.867818579433056070e-01
3.874134324243138638e-01
3.904854105912948237e-01
3.834919760170513170e-01
3.808657225802960511e-01
3.835362840601143630e-01
3.860404350283248576e-01
4.061532493746622952e-01
3.971258237270074432e-01
3.893326982340437059e-01
3.978300196719626869e-01
3.994459690555799969e-01
3.962258085317573730e-01
3.879733604502981770e-01
3.873850875140493755e-01
3.971556522860932303e-01
3.939763680911153587e-01
3.875055266061749326e-01
4.009803066445118414e-01
3.995997031041347292e-01
4.000766797149895027e-01
4.027011100771544228e-01
3.906916509481391242e-01
3.996544713641428936e-01
3.966149406349467887e-01
3.927417529078992553e-01
3.809228519681481240e-01
3.975920624320693486e-01
4.010939565992678313e-01
3.879942131256516880e-01
3.964540655861163998e-01
3.924438019032902569e-01
3.978069211388296500e-01
4.031166668609664216e-01
3.879062487976008278e-01
3.870523481186151082e-01
3.757713501807201095e-01
3.953444829995894638e-01
3.904142358671122137e-01
3.865119693265306466e-01
3.965352832039460984e-01
3.869624374375309483e-01
3.891643570130952634e-01
3.848286115842431965e-01
3.959430088602196585e-01
3.789557981306034828e-01
3.913582028314778194e-01
3.976651126392246050e-01
3.933720051633337045e-01
4.023679066816919780e-01
3.872175300699511880e-01
3.875106808589691143e-01
3.881549981200038135e-01
3.966321225931860872e-01
3.975643632790743509e-01
3.868895921119303027e-01
3.968766646419240041e-01
3.848080518739022682e-01
4.012515741787391899e-01
3.954432167138298704e-01
3.872923912489436571e-01
3.966423775811827035e-01
3.967935904857235463e-01
3.878760176277568084e-01
3.927290230745036914e-01
3.923428775193835705e-01
3.927947830665874940e-01
3.913452763472595741e-01
4.001247778394473320e-01
3.868898411922544467e-01
3.952783576993500469e-01
3.919725219504667235e-01
3.903066066528199651e-01
3.897457702235346266e-01
3.971248161929415432e-01
3.989815003075873334e-01
4.067050071360707175e-01
3.906519506998138436e-01
3.936673211794087246e-01
3.903726252517535911e-01
3.899512337639988724e-01
3.856382030205213196e-01
3.930397414907944031e-01
3.948088856338389796e-01
3.914628982626804921e-01
3.902129202810836195e-01
3.926492727632410751e-01
3.860229362327987079e-01
3.855505244114255659e-01
3.957781327856099152e-01
3.994720474995115955e-01
3.959369230347523083e-01
3.920615222478203710e-01
3.915709714883808257e-01
4.003928012220801524e-01
3.853441092322736905e-01
3.890672735008020022e-01
3.931648123228766445e-01
4.009072242156210830e-01
3.961841889482872192e-01
3.951499728308564552e-01
3.917231157941665765e-01
3.878940199159873758e-01
3.983414123773942883e-01
3.913333142562602229e-01
3.874088053724416003e-01
3.929553615277416312e-01
3.880104456172859817e-01
3.892637245956152015e-01
3.938958478474213765e-01
3.806977955098278521e-01
3.991377919815963793e-01
3.926379419384120051e-01
3.865862580462138820e-01
3.945477548297522952e-01
3.928670065297996117e-01
3.886950154694228665e-01
3.950121830421243208e-01
3.830075217121420295e-01
3.787153164358966206e-01
3.831351389131225638e-01
3.928844879789850086e-01
3.897201253749550398e-01
3.930288761209785875e-01
3.907984791131866031e-01
3.902994949260676361e-01
3.839497852118464727e-01
3.966397153522926988e-01
4.015205569668837682e-01
3.930052372355285484e-01
3.870672307571421111e-01
3.934737547057656215e-01
3.845988426055725884e-01
3.848154876632624011e-01
3.920765131297357931e-01
3.914112889657187511e-01
3.993434376554066967e-01
3.917727101549361990e-01
4.021746603078551474e-01
3.810670717066033109e-01
3.976777400147591401e-01
3.924299645035611572e-01
3.739113324993634246e-01
4.003666713549598466e-01
3.910122270174814507e-01
3.918411698849038616e-01
3.810855218562978486e-01
3.930177268064331542e-01
3.952348124814430430e-01
3.814865832955064984e-01
3.883508167066588856e-01
3.828880180158589219e-01
3.917099356479464278e-01
3.924468091960894300e-01
4.022435446293776140e-01
4.005331276182974576e-01
3.968441385934053933e-01
3.873096162327369085e-01
4.096284076406933039e-01
3.889286160809161674e-01
3.874631430556968459e-01
3.856101004028889556e-01
3.926282265322798004e-01
3.906631750546327719e-01
3.939022046446758463e-01
3.949063621022543824e-01
3.801593634618128381e-01
4.017748845795675039e-01
3.881594921408625387e-01
3.895027512123344637e-01
3.943223344582954537e-01
3.969068984963095015e-01
3.931318958941841801e-01
3.843106337194014399e-01
3.937117672808242985e-01
3.942927537027939300e-01
3.953639666966977106e-01
3.962038674304138586e-01
3.964390090743116213e-01
3.948472901282808478e-01
3.929533032483987220e-01
4.044132955552904307e-01
3.916660082785498598e-01
3.860292458881551259e-01
3.909484352390873996e-01
3.955818263463714013e-01
3.880600595585195212e-01
3.775232364041586908e-01
3.937392921508584553e-01
3.933201926395819559e-01
3.990294297299869508e-01
3.936516070637042231e-01
3.897158290705693418e-01
3.951647433503235884e-01
3.826760145632018273e-01
3.920351083396342307e-01
3.884656139928209795e-01
3.866372528750929294e-01
3.982928656081046737e-01
3.918509101177370946e-01
3.940923247964728260e-01
3.919586665660164670e-01
3.981643132322769674e-01
3.890149707783853716e-01
3.894167484058896345e-01
3.945112127978461225e-01
3.953885215508645135e-01
4.043358341767887554e-01
3.809466258329639032e-01
3.867046202509814012e-01
3.866888635801576934e-01
3.915238315177080874e-01
4.046161426831322294e-01
3.901452627100396864e-01
3.979031301082990302e-01
3.959322130733652356e-01
3.885441996621407656e-01
4.088442970188769232e-01
3.855886698264755497e-01
3.910924662537660912e-01
3.961708723000695320e-01
3.858130239505311310e-01
3.829718450350619308e-01
3.895244215120756692e-01
3.881139672266677998e-01
3.895838729514354837e-01
