# S'(0)/S(0) in inverse MeV
-4.886773459646885920e-01
-5.107465491385132506e-01
-5.423417942055547281e-01
-5.538166892255946827e-01
-5.192640691924417240e-01
-4.773229120954840532e-01
-5.413102130373655951e-01
-5.430130757300465350e-01
-5.125682213956276323e-01
-5.751599804569769159e-01
-5.079153463403442981e-01
-5.329533349309512058e-01
-4.978997186220885385e-01
-5.197454676387789352e-01
-5.259347237400612274e-01
-5.144220734973031783e-01
-4.826063318018813386e-01
-4.912136201113521672e-01
-4.909323828564956527e-01
-5.162598277929031365e-01
-5.124292565679611222e-01
-5.084448924796153291e-01
-4.664171076455089215e-01
-4.846656803738964014e-01
-4.787783264078673828e-01
-5.104045114183610732e-01
-5.281150782744166161e-01
-5.530791483167141198e-01
-5.047619877044424719e-01
-5.002209724711209615e-01
-5.060155718605590103e-01
-4.917090939412758765e-01
-5.071320801583765192e-01
-5.268155524979368787e-01
-4.945064552973931771e-01
-4.897719401423802355e-01
-5.129333889801386270e-01
-4.868499378972968583e-01
-4.866097813828227370e-01
-4.795415899135550553e-01
-4.989275545724726757e-01
-4.877576393092203366e-01
-4.902386163104490158e-01
-4.957146978431167805e-01
-4.678089381632147270e-01
-4.954679285177773784e-01
-5.031209932017156605e-01
-5.065147920993101627e-01
-5.120161538209021534e-01
-5.509200339109358024e-01
-4.921538970814162139e-01
-4.931321370397839243e-01
-4.987473185539723075e-01
-5.012705960564608487e-01
-4.833377795170813451e-01
-5.255667184738163078e-01
-5.055683857572960127e-01
-5.249567089915621043e-01
-4.929045248070871854e-01
-5.087070264214017534e-01
-5.116176456903407388e-01
-5.043394463929483651e-01
-4.883024355342468481e-01
-5.056055600093066760e-01
-4.902145818424309964e-01
-5.060346766623773362e-01
-5.382252897116892587e-01
-5.077704026755854860e-01
-4.923564284615521980e-01
-4.908446123788904880e-01
-4.890920574044904101e-01
-5.020328215685968543e-01
-5.176658432115427422e-01
-4.919005669651076440e-01
-4.847982366331405335e-01
-5.124757205255424664e-01
-5.000436241551470262e-01
-4.873247475814177498e-01
-4.982295484159823262e-01
-5.140154633329325762e-01
-4.920977921408921096e-01
-4.851387021005729716e-01
-5.079361544279716867e-01
-5.121082075210061646e-01
-5.111496020675696528e-01
-4.804364678704566294e-01
-4.818460806987928113e-01
-4.800099207154968073e-01
-5.129364676192634809e-01
-4.646563534946162033e-01
-5.216262447017457893e-01
-5.094936979544615330e-01
-5.221349034376928655e-01
-5.097181604214919837e-01
-5.225790197527083736e-01
-4.892416951985871232e-01
-4.552759192124616883e-01
-4.824513864020306131e-01
-5.177360643291381015e-01
-5.008851042938492482e-01
-5.116907956135707813e-01
-5.169380486514137951e-01
-5.309003611109428533e-01
-5.326754635880613931e-01
-4.921019259557719017e-01
-4.843880764111124226e-01
-4.711228571801703291e-01
-5.181092534316841247e-01
-5.026054641370987230e-01
-4.745487876191473164e-01
-4.920229718475240266e-01
-5.011553451990078401e-01
-5.009841601677276213e-01
-5.080923059255636476e-01
-4.979499555969950086e-01
-5.235279155587005961e-01
-5.182319613528976188e-01
-4.759899975415535223e-01
-4.950940254463092050e-01
-5.065599134169337381e-01
-4.662599206972536936e-01
-5.188687597892971404e-01
-4.886002737982231281e-01
-4.807691599325177312e-01
-5.077981548033788650e-01
-5.022703750686877688e-01
-4.706965788990775668e-01
-5.057593081529498935e-01
-4.951366575131112557e-01
-4.864104564258323049e-01
-5.026353049304830289e-01
-5.011501193265714971e-01
-5.118628538926826010e-01
-4.889967002990142642e-01
-4.854099914392718262e-01
-4.995349645209070655e-01
-5.043380079151018602e-01
-4.875990854672113683e-01
-4.980696516828363452e-01
-5.356646542204616113e-01
-5.008897797518149231e-01
-5.106440015279638533e-01
-5.078091421181282206e-01
-4.828624125338772388e-01
-4.671034627618209090e-01
-5.019733107942867534e-01
-5.035197659358442435e-01
-4.952763360525634928e-01
-5.149450090978886507e-01
-5.000313752519872645e-01
-4.970199491793822477e-01
-4.745652748871815318e-01
-4.982988007980350131e-01
-5.194777769186114114e-01
-5.235357011689384388e-01
-4.832364617221042713e-01
-4.953637725647104251e-01
-5.226983694883204912e-01
-5.011660771946853110e-01
-5.003458956364834620e-01
-5.188295648134625404e-01
-4.986040441278335456e-01
-5.268890090339006793e-01
-5.258466461119855051e-01
-5.055677817382828731e-01
-4.801925332736055041e-01
-5.045616919975602910e-01
-5.023370120418123586e-01
-4.954024111427433597e-01
-5.252731945140876046e-01
-5.013256174453539771e-01
-5.083430767445101806e-01
-4.793353636210221369e-01
-5.336267266197878278e-01
-4.694888630581187106e-01
-4.999943932913998856e-01
-5.015255249499586121e-01
-4.994843710301236084e-01
-4.763602179247763413e-01
-4.847515211491667531e-01
-5.102425869576255879e-01
-5.074767133392891205e-01
-5.088228309838538355e-01
-4.715632014563240215e-01
-4.850020317036148887e-01
-4.732168596715063402e-01
-5.069225661949694484e-01
-4.926908348040611174e-01
-5.036964129267677004e-01
-4.865870595270532228e-01
-5.032698259908116034e-01
-4.796427753969974561e-01
-4.901631574231109512e-01
-4.647237743048618919e-01
-4.713692339628605676e-01
-4.795078553867355153e-01
-5.209247420458269495e-01
-5.109237427664677922e-01
-4.867801192702116975e-01
-4.634969399110546173e-01
-4.954522003838696675e-01
-5.003043983473246525e-01
-4.801141173510712901e-01
-5.240853432723912020e-01
-5.062839230879930819e-01
-5.151125527945282778e-01
-4.802581240590198530e-01
-4.962459210288902023e-01
-4.914393157807501744e-01
-4.981450825486838929e-01
-5.039100795308522063e-01
-5.324927373501122663e-01
-5.364131236770904865e-01
-5.137357454603794782e-01
-5.120822725463816116e-01
-4.868482288543956038e-01
-5.091469013446194847e-01
-5.054146620353856534e-01
-5.124175517506355249e-01
-5.099628238070217368e-01
-4.976210809170016902e-01
-5.000024510005330880e-01
-4.953904733413910799e-01
-4.882757104649019242e-01
-4.803109099180312702e-01
-5.317306772506557033e-01
-4.766161498887767078e-01
-5.060133626327860679e-01
-4.824088057265675245e-01
-5.291837701771852087e-01
-5.227272329825918273e-01
-5.245047074819275679e-01
-5.352545240606010335e-01
-5.260546825795310300e-01
-4.857730188487093814e-01
-5.379246203933834014e-01
-4.736097101257689679e-01
-4.828347466138944166e-01
-5.088434406939074117e-01
-4.617699562510619860e-01
-5.052009384094432454e-01
-4.660673705659733601e-01
-4.948746456076219546e-01
-5.016347811214196817e-01
-4.746215750506038167e-01
-5.053620416695733253e-01
-4.988284361035830172e-01
-4.897172368363143513e-01
-5.241018574345883696e-01
-5.247190541198493152e-01
-5.424772003239056728e-01
-4.759741672189443662e-01
-4.925858244446707501e-01
-4.989880395520742140e-01
-4.879552410765475301e-01
-4.737569305098714989e-01
-4.804743445249716749e-01
-5.115601225752018921e-01
-4.773151792004365901e-01
-4.859246561980901102e-01
-4.892762528368665431e-01
-4.959355497264031354e-01
-4.526931214217687072e-01
-4.881847503099949193e-01
-5.129934118190385695e-01
-5.292433720863620739e-01
-4.958160826043085945e-01
-4.925992793797673297e-01
-4.972655773325654338e-01
-5.239024132220465590e-01
-5.218796849568356766e-01
-5.297240319186119484e-01
-4.574379214445789543e-01
-5.436421065839343036e-01
-4.850280313866059956e-01
-4.868487227608822576e-01
-5.120568185191702870e-01
-5.089612443730154867e-01
-4.991755135630749352e-01
-4.966316034741997676e-01
-4.752373559274097325e-01
-4.864971229877350645e-01
-5.115276945229425554e-01
-5.328529794175603795e-01
-4.932346483045608743e-01
-5.058209970204317063e-01
-4.957342977049711830e-01
-4.665449206450423270e-01
-5.269477371208863836e-01
-5.020085349687277709e-01
-5.032617361537041756e-01
-5.474166545515635196e-01
-5.077539086781889255e-01
-5.182755057857981740e-01
-5.078244146297193895e-01
-5.218646559450376143e-01
-5.160596450396784940e-01
-4.951742734371127885e-01
-5.086916484373051883e-01
-5.025464362196193635e-01
-4.917335151422325135e-01
-4.888459200208138955e-01
-5.122495370007369431e-01
-5.000108266266189982e-01
-4.659096955061354794e-01
-4.666194843913759605e-01
-5.028508838769290001e-01
-5.158280132776510429e-01
-4.778349645506389520e-01
-5.381043211592315689e-01
-5.006105222283745437e-01
-5.251286304320661458e-01
-5.057570667769470951e-01
-4.940372831825400324e-01
-4.919560392326692289e-01
-5.062182491882852853e-01
-5.200033594375880197e-01
-4.793097834453757256e-01
-5.388330980037167039e-01
-4.765241048644016097e-01
-5.020713646085669390e-01
-4.938640710291179459e-01
-5.153559307498655206e-01
-5.251651085988423562e-01
-5.057224678835872123e-01
-4.645206879047130144e-01
-4.853768845395939890e-01
-5.064779864854492830e-01
-5.122777562667407691e-01
-5.018363742101550340e-01
-5.218067079712885858e-01
-5.053080784585211038e-01
-4.968739947079618413e-01
-4.820177349668880451e-01
-5.019606595384306091e-01
-5.207534136302744976e-01
-4.919171515762860714e-01
-4.906373033620344271e-01
-4.945149624355054674e-01
-4.952109767841615939e-01
-4.921084076853693978e-01
-5.121956460593461991e-01
-4.777273575499669245e-01
-4.929184645511808238e-01
-5.037683077567821632e-01
-5.042107788061281903e-01
-5.118837935888690405e-01
-4.782638693372039396e-01
-5.297760603291531423e-01
-5.008273826527177564e-01
-4.629822133238095661e-01
-5.180268190800672023e-01
-5.281422141290258443e-01
-5.169498291206067186e-01
-4.849217004088644534e-01
-5.102410819541703946e-01
-5.072773932506221550e-01
-5.060455582766796301e-01
-4.949096439036768658e-01
-4.683754318776337522e-01
-5.031672038836262351e-01
-4.854851274318232046e-01
-4.682726098316744578e-01
-5.159251988302193670e-01
-4.721653922384447255e-01
-4.779007864347492585e-01
-4.689199211335665640e-01
-5.062358150955175162e-01
-5.243309949949024329e-01
-4.618026531383078170e-01
-4.932944013613766443e-01
-4.790576512713561330e-01
-5.141302535639811211e-01
-4.764347003950150650e-01
-4.767603876875871061e-01
-4.955240463247284621e-01
-4.880000832446864667e-01
-5.075801033765972026e-01
-4.816882368890245680e-01
-4.791390517841790930e-01
-4.987467289052635588e-01
-5.318768265917872551e-01
-5.156515723344099467e-01
-5.201133927517349598e-01
-4.798292554661944820e-01
-5.141838146865620462e-01
-5.316794714038883818e-01
-4.893254174095662545e-01
-4.923334482774403553e-01
-4.871895764479430291e-01
-5.254872455325237945e-01
-5.590806274296445944e-01
-4.886579508098593538e-01
-4.985434251223078705e-01
-4.783363460142593948e-01
-4.741420983755470497e-01
-4.844117769979559562e-01
-4.679583015831785819e-01
-5.030925367674582427e-01
-4.940767049976808045e-01
-5.027584249827757867e-01
-5.246773530196421342e-01
-4.903689117066646896e-01
-5.122988061691761130e-01
-5.197953382827920077e-01
-4.874486677569201953e-01
-5.006559797156943104e-01
-5.178356817891371922e-01
-4.835860922994181799e-01
-5.005038512907308279e-01
-5.319766069819416021e-01
-4.823632526929772513e-01
-5.023815791629421268e-01
-5.106486096293013643e-01
-5.065547396953533621e-01
-5.053399120050464655e-01
-5.006817793126886462e-01
-4.983598726773404430e-01
-5.404033124966423074e-01
-5.022822369104470441e-01
-4.891595235772361328e-01
-4.941865793562756903e-01
-5.053338742095309088e-01
-4.846417278094334868e-01
-5.057745705719215445e-01
-4.919908532193493778e-01
-5.224952836194978190e-01
-4.784092189968759401e-01
-4.917526467050553074e-01
-5.041213594026417999e-01
-5.108847328142717137e-01
-5.023244735319603027e-01
-5.072953333019346589e-01
-5.164770179947660855e-01
-4.984591520382280483e-01
-4.904019537160750897e-01
-4.596086677474560123e-01
-4.981023463416346386e-01
-4.883010132601952602e-01
-4.931657351404849510e-01
-4.859783240941106808e-01
-5.058881132868757735e-01
-5.177798648051824548e-01
-5.196967145780798658e-01
-5.072201763336500191e-01
-5.194394796816240722e-01
-5.098035414918633546e-01
-5.184641328032237872e-01
-4.890457162697411375e-01
-5.103871759171493272e-01
-5.208677640989100022e-01
-4.909289771728408414e-01
-4.826241782849209905e-01
-5.142044103704531688e-01
-4.641459553947254735e-01
-4.900173195444269547e-01
-4.832832620181822247e-01
-4.913058678523817280e-01
-4.876538291963759542e-01
-4.958433797415932043e-01
-4.985029554983643196e-01
-4.937179954096558299e-01
-4.991912634191398301e-01
-5.060796634325572807e-01
-4.992740936793935158e-01
-4.940545124396756860e-01
-5.244008942581198651e-01
-5.206946487659638301e-01
-4.874662738936448303e-01
-5.082050401762115976e-01
-4.983190554630480551e-01
-5.131314416583790949e-01
-4.904947181547747448e-01
-5.074342504376593288e-01
-5.062015893016637014e-01
-4.786190260221939718e-01
-5.210680557252727052e-01
-5.329946272685354147e-01
-4.883903674940876516e-01
-5.070107329713724464e-01
-5.023745100459811042e-01
-5.384142251953151215e-01
-4.998613518767592856e-01
-4.814962465088840071e-01
-5.110079308982703461e-01
-5.286872595974178024e-01
-5.044683373790140868e-01
-4.680546802979380638e-01
-4.740495029712037400e-01
-5.162278688303298946e-01
-5.033644012396727430e-01
-5.050985299382104721e-01
-5.286278647429687449e-01
-5.000055526713154119e-01
-4.984714276478625639e-01
-5.094960416860048191e-01
-5.052038753208613064e-01
-4.932833348120838624e-01
-4.932791245736710684e-01
-4.935569723970185674e-01
-5.022687615012900730e-01
-5.010964995738892425e-01
-4.821552724345401497e-01
-4.919716366465931023e-01
-4.997540312671406859e-01
-5.382217814503389430e-01
-5.068548651864859256e-01
-5.162601625407077233e-01
-5.303674590605590433e-01
-4.914337127275778538e-01
-4.880238350428771632e-01
-4.949326791247959378e-01
-4.915473853474435217e-01
-4.891823562484259313e-01
-5.157953783153542693e-01
-4.716841775924986990e-01
-5.144876494595289618e-01
-4.980398011540956849e-01
-4.681157871711119078e-01
-4.797235346163326031e-01
-4.816303636101953445e-01
-4.796156488981866972e-01
-5.063069622399194447e-01
-5.285061175354414109e-01
-4.716562993219159394e-01
-4.905137210405551285e-01
-5.145376349561368023e-01
-4.885592847550863649e-01
-4.542366901288092951e-01
-5.082040738599677976e-01
-4.803530905173772902e-01
-5.094858675316319419e-01
-5.034378332926408017e-01
-5.164879666761275079e-01
-4.808658795116669826e-01
-5.063162505790742562e-01
-4.958366993656868615e-01
-5.054028485597058529e-01
-4.832305308876189143e-01
-4.858984004018179204e-01
-5.200083483991894129e-01
-5.251075861616290030e-01
-5.002055827818348011e-01
-4.856459869185157929e-01
-4.862880960148021070e-01
-5.126018122970187330e-01
-5.104402033955343088e-01
-4.929221617001031674e-01
-4.896810664341292307e-01
-4.785380625976550784e-01
-5.152082880380340901e-01
-4.992445607757486914e-01
-4.807933021999974965e-01
-5.230774609265771424e-01
-4.886112157738335959e-01
-4.624377448805868096e-01
-4.819913004628640363e-01
-5.070935680536536871e-01
-4.811098462085702798e-01
-4.926889234804072148e-01
-5.007545515053343221e-01
-5.110096238012304948e-01
-4.887718115132817509e-01
-4.686298250979739621e-01
-4.393273853154274766e-01
-5.818131111798631183e-01
-5.050364737946220206e-01
-5.181282836592830954e-01
-4.965501456359039389e-01
-5.319791222746168557e-01
-5.411231640273637122e-01
-5.184462707687592653e-01
-5.062485957430353789e-01
-5.005096009499389043e-01
-5.260162243572877872e-01
-5.033728892708171365e-01
-4.989820944723962204e-01
-5.065525613468324639e-01
-5.476273628444037200e-01
-5.132430135177176167e-01
-5.199994373243116419e-01
-4.933761564849626913e-01
-4.985387982048857247e-01
-4.783428747873516573e-01
-5.008420295922511034e-01
-4.742599609343912115e-01
-4.787844496987322951e-01
-5.189518223339285585e-01
-4.640752975332838592e-01
-4.853723901209052727e-01
-5.210869902831931633e-01
-5.101985937177171415e-01
-4.786832698088900884e-01
-5.289193305411824531e-01
-4.925132825509643819e-01
-4.819124191451354400e-01
-4.620664671262512124e-01
-4.804703004378703679e-01
-5.340784450638108583e-01
-4.940295118067744573e-01
-5.248781709128998996e-01
-4.915285819651765142e-01
-4.902813958250107351e-01
-5.099868284907477234e-01
-4.589953200390713972e-01
-4.788362813152784447e-01
-4.897683710361189213e-01
-5.290001958408721006e-01
-4.846911078191181721e-01
-4.895518853587378372e-01
-4.698803888296975706e-01
-5.337276493690855661e-01
-5.317033624892573140e-01
-5.206615901567337445e-01
-4.799257704545240033e-01
-4.821873214056053292e-01
-5.224366920408036741e-01
-5.076767320791429894e-01
-4.868906792179045762e-01
-5.130306899876028170e-01
-5.105544710914436957e-01
-5.508830110967315452e-01
-4.964114044882637078e-01
-4.962112282188397283e-01
-5.143965293405040606e-01
-4.821169698991183417e-01
-4.696370961186566162e-01
-4.836023568795529970e-01
-5.176284368769790145e-01
-4.882815488429720352e-01
-4.883453554132138885e-01
-5.281544266866042836e-01
-4.935817378475474415e-01
-5.056688502739868918e-01
-5.370403954023617032e-01
-4.726391375468291245e-01
-4.897843285593638241e-01
-4.707004897704693547e-01
-5.120013962576286382e-01
-5.116503749419243352e-01
-5.036577841354896723e-01
-5.012173089907311363e-01
-5.033125939953266847e-01
-5.196927908806476815e-01
-5.146131588056387374e-01
-4.945405307769434877e-01
-5.008546402133434716e-01
-5.523975739143892616e-01
-4.868491301234426638e-01
-5.091893121850921133e-01
-5.076168703570127505e-01
-4.933339655340486241e-01
-4.777276129770036128e-01
-5.080717449068515856e-01
-5.318685013288618757e-01
-4.936808464731146096e-01
-4.948319321457618769e-01
-5.075494196940247837e-01
-5.025613900426760816e-01
-4.921774663570295805e-01
-5.295097616567284726e-01
-4.934802469619489762e-01
-4.895017527596289275e-01
-4.974706958569386495e-01
-5.082850041836710631e-01
-5.301658696528226411e-01
-5.004458111876191051e-01
-5.091616232151388033e-01
-5.161245128139471117e-01
-4.688601998946768656e-01
-5.073194025019477360e-01
-4.970313887495222960e-01
-4.898104838952698770e-01
-5.272916921346387786e-01
-4.906527415697330974e-01
-5.017542844553085635e-01
-5.599448604687052855e-01
-5.115421253009017066e-01
-5.315978304974191548e-01
-4.844365815431131983e-01
-4.967819271659677516e-01
-5.275274775424741991e-01
-4.890232061519125817e-01
-4.734385568213091977e-01
-4.741191062078711216e-01
-4.846636222003202210e-01
-4.893764696893666555e-01
-5.081783736198743906e-01
-5.189218613594464014e-01
-5.121318181549212589e-01
-5.041135926002373591e-01
-5.059934495178535219e-01
-4.527611937967696010e-01
-5.029036854609920670e-01
-5.216442306418408448e-01
-5.048556324661257477e-01
-4.567301720586015024e-01
-5.021351730530120294e-01
-5.231186271228897011e-01
-4.750680192026278115e-01
-5.210753901748608197e-01
-5.070253136254357917e-01
-4.927299062888122472e-01
-5.427001465611744901e-01
-4.876469959296158008e-01
-4.973069609123134671e-01
-5.069977083824822595e-01
-5.102126444880084044e-01
-5.190529466811569792e-01
-4.859548616968467072e-01
-5.122642284868490492e-01
-4.676951435319502415e-01
-4.786102124640677635e-01
-5.209676623076753277e-01
-4.750582706049550352e-01
-5.126359688440810247e-01
-4.819948289633405603e-01
-4.990071867155659313e-01
-5.221361445448333694e-01
-4.940187208091546545e-01
-4.844223607646113150e-01
-5.155513414850853016e-01
-4.624270896415120791e-01
-4.931978358311791544e-01
-4.711721960222485794e-01
-4.787888255903248735e-01
-4.987413342808011962e-01
-4.817709462944252952e-01
-5.115114999041743271e-01
-5.155699577090645525e-01
-5.344148649581034194e-01
-5.125201758509152494e-01
-4.865475581010376693e-01
-5.109496301722166178e-01
-5.171365838677053350e-01
-5.340001639063925998e-01
-4.912496153093486306e-01
-5.151239152201265714e-01
-4.743255792274020943e-01
-4.848776881760560875e-01
-4.749813856964283376e-01
-4.685585093391694267e-01
-4.789317090832166945e-01
-4.567995489848967194e-01
-4.959096602708424339e-01
-5.397944715082556577e-01
-4.988236761677315445e-01
-4.981333421998698774e-01
-5.027430486861494963e-01
-5.120075165733493083e-01
-5.189733086749269697e-01
-5.060205978610955446e-01
-5.102672871104851904e-01
-5.131116989279078666e-01
-5.338812809638378010e-01
-5.027182381012493817e-01
-5.200368169456609513e-01
-4.902387991511237830e-01
-4.784811409100935831e-01
-4.803995971876340310e-01
-4.915817732959479880e-01
-5.163101338881281865e-01
-4.696991644039563152e-01
-4.807334558035867844e-01
-5.109672864013442561e-01
-4.472605789264104681e-01
-5.055869195606363942e-01
-5.041494388939203875e-01
-4.738026546618316903e-01
-4.889423476093243681e-01
-4.924234224174633967e-01
-5.011873249594053226e-01
-5.381898443467312276e-01
-4.996866155605942383e-01
-4.979963664304838389e-01
-5.040024543586369976e-01
-4.894511706238736659e-01
-5.374940395889383771e-01
-4.719614471882988549e-01
-4.516523307576227886e-01
-5.116561901118812372e-01
-4.948023829344084801e-01
-5.037340311278711846e-01
-5.239469232633559015e-01
-5.114357100014722546e-01
-4.681493313371224985e-01
-4.842419740522749816e-01
-4.879812982935116672e-01
-4.885764013238328429e-01
-4.995241982711804973e-01
-4.971479867325253599e-01
-5.280418885215331093e-01
-4.907453251646357595e-01
-4.708415785237190510e-01
-4.974820866226712934e-01
-4.705754185783253551e-01
-5.092678424012069271e-01
-5.028455665163258370e-01
-5.023808164950245292e-01
-4.881895647264332116e-01
-4.921384012653310380e-01
-5.016488425842079435e-01
-5.366855415679424590e-01
-5.199390539344370676e-01
-4.581836756681131884e-01
-5.113848436319730073e-01
-5.265381678671078314e-01
-5.112980642842732681e-01
-5.000559385649693267e-01
-5.021388435590604660e-01
-5.074159357170808793e-01
-5.384119504097364395e-01
-4.914803087541322890e-01
-4.717688091316276089e-01
-4.878841354367432492e-01
-5.106892390815268579e-01
-5.041825240154742538e-01
-5.073463059424659916e-01
-5.318156413532603155e-01
-4.648351064063335203e-01
-5.293195532838339545e-01
-4.824995462493178455e-01
-4.959467477865304175e-01
-5.366828358008330913e-01
-5.262091934364557799e-01
-4.883661541031963371e-01
-5.088484616907926750e-01
-4.894567052881002578e-01
-4.952925184449705753e-01
-5.319676097641480306e-01
-5.124590134081440373e-01
-4.864110889781215752e-01
-4.869154709024385297e-01
-5.133218135099926194e-01
-5.040843946849479229e-01
-5.197161402353874804e-01
-5.006277496119501125e-01
-4.659420882855431767e-01
-5.175865697102436380e-01
-5.143498931574033151e-01
-4.796723051775237390e-01
-5.293064962045601618e-01
-4.981860099581239543e-01
-4.875361588665768631e-01
-4.773705168134860788e-01
-5.139980807814931163e-01
-4.741253069859254210e-01
-5.136738511280966035e-01
-4.707608028223452257e-01
-4.917916175049431016e-01
-5.084360495722488604e-01
-4.806428684294087317e-01
-4.912079460001597120e-01
-5.165757391950135391e-01
-5.037863836499247849e-01
-5.178475806386496627e-01
-4.817314637538610000e-01
-4.837429201986633287e-01
-4.570293703271495200e-01
-4.950072318086307099e-01
-4.920224654378794193e-01
-5.004190495164171359e-01
-4.756775006138963535e-01
-5.109753672296116767e-01
-4.850822232261325362e-01
-5.166200715224570361e-01
-5.086639849425403925e-01
-4.814690949142306775e-01
-4.853841873920505257e-01
-4.968577835897181605e-01
-4.836380366717029644e-01
-4.797076836073788653e-01
-4.708195895354586602e-01
-4.729227446663754053e-01
-4.907922099061034493e-01
-5.203342299912898650e-01
-5.227719250047840882e-01
-4.955353890966716079e-01
-4.901258726199673732e-01
-5.221944316872371150e-01
-4.825929091340006027e-01
-5.195599643392122546e-01
-4.676121091435226917e-01
-5.020051564354065521e-01
-4.979595252544384842e-01
-4.742861890541142378e-01
-5.208885970376087027e-01
-4.898455886400705506e-01
-4.995999993924202243e-01
-5.063504881468426921e-01
-4.823807272123374901e-01
-5.065536665185218501e-01
-5.192447211635111692e-01
-4.883473989338121268e-01
-4.790009773130903259e-01
-5.264772259689257661e-01
-4.855278879007737802e-01
-5.225732036895496258e-01
-4.920522330240839626e-01
-4.588287695308848613e-01
-5.209510613718283389e-01
-4.957125960639774953e-01
-4.700793091462643902e-01
-4.866762087365673617e-01
-5.176651523359953044e-01
-5.023034612229450024e-01
-4.914034586564011153e-01
-5.257666221382245597e-01
-4.884141634776478225e-01
-4.957104771570705060e-01
-4.921148619285718451e-01
-5.246025854937644839e-01
-5.063615797125559093e-01
-5.156386785125856020e-01
-4.878866478418508179e-01
-4.759551164121156308e-01
-4.755944829769778726e-01
-5.235436379530837847e-01
-4.960038860557557938e-01
-5.085273210934436738e-01
-5.153253596636306888e-01
-4.713062552275898431e-01
-5.084140180997466230e-01
-5.119875341185162743e-01
-5.273922541565785327e-01
-4.895912767826692269e-01
-5.185093092354240429e-01
-5.481192930490010884e-01
-5.144054300866698348e-01
-4.608460580507605098e-01
-4.728740610194522298e-01
-5.092446520028970358e-01
-4.691380063276787693e-01
-5.025942067515631884e-01
-5.226060680843409578e-01
-4.946407711595830481e-01
-5.241247644035469389e-01
-5.180994821903446290e-01
-5.162237035014065611e-01
-5.317347744776144136e-01
-5.426989317105429533e-01
-4.848353228544914351e-01
-4.880342712321455445e-01
-4.803244035162488879e-01
-4.858434532171397313e-01
-4.746059867853677505e-01
-5.304871171922707074e-01
-4.986218248406572573e-01
-5.057579202188695611e-01
-4.943455764953477716e-01
-5.046469973564728928e-01
-5.076482791962860786e-01
-4.856458005341510731e-01
-5.117616695738828048e-01
-5.090618977265544132e-01
-4.920628352642433812e-01
-4.865747065254036330e-01
-4.827198057481209559e-01
-4.975152532423431917e-01
-4.904687738936054364e-01
-4.843315896831397738e-01
-5.261559300788321014e-01
-5.331025915030882523e-01
-4.689952631983054232e-01
-5.208240171611022706e-01
-5.004160390277740955e-01
-4.935471344471639710e-01
-5.052301545058237586e-01
-5.052610438883171629e-01
-4.724684901825383920e-01
-5.032080832009284688e-01
-4.800824198025908651e-01
-5.094409017489188729e-01
-5.514016233262940547e-01
-5.095404536457585065e-01
-4.841581013913982545e-01
-5.001102964850451249e-01
-5.123035960950750312e-01
-5.041438460771762164e-01
-5.062156252381694310e-01
-4.949314137859574525e-01
-5.113666247979823387e-01
-4.798249861132506400e-01
-4.891813329951696376e-01
-5.237364308422112202e-01
-4.787033395728025331e-01
-4.646244831938303177e-01
-4.741675433329779477e-01
-5.198437214928552930e-01
-5.124347872956919181e-01
-5.107449621318409516e-01
-5.149360333812987855e-01
-5.260659538102446797e-01
-5.156724345603600490e-01
-5.217968985228842449e-01
-5.043014907249023793e-01
-4.918052254813169988e-01
-5.012238701737984359e-01
-5.059540451991096921e-01
-4.634295230425183876e-01
-4.918220121566496128e-01
-5.215190837397325474e-01
-4.872746976082463211e-01
-5.083296742307482630e-01
-5.059267388761021778e-01
-5.159720727864024470e-01
-4.851373988448942076e-01
-4.992059470126878895e-01
-5.127120870191128610e-01
-5.065261479041494042e-01
-4.633302418637817999e-01
-4.801707979634639023e-01
-4.750673159428414616e-01
-4.937722968011772906e-01
-5.226473100853564757e-01
-4.700907762042960125e-01
-4.750906109493158724e-01
-5.175794895428269538e-01
-5.116046531157766308e-01
-5.274468082704771854e-01
-5.024562771817530082e-01
-4.910822388617608336e-01
-5.002174764581289734e-01
-4.809505491261216181e-01
-5.083877423485876346e-01
-4.943607612694417286e-01
-5.095640780347502341e-01
-4.928423348665786907e-01
-5.007424296143750952e-01
-5.069985797652566406e-01
-4.921841352680875747e-01
-4.775599626066697190e-01
-5.178714791436660470e-01
-5.161358579022109483e-01
-5.110232837491759383e-01
-5.039666630219450383e-01
-5.146260921885736916e-01
-5.453797491405130149e-01
-5.289783347278226300e-01
-5.061059156386341629e-01
-4.805638736352729756e-01
-4.888363703035105701e-01
-4.917472674470130256e-01
-5.037416002357132383e-01
-5.118239900894208105e-01
-5.032971008328146478e-01
-4.937343741030960631e-01
-5.121872793113789735e-01
-5.081927687823533102e-01
-4.912316855490069800e-01
-4.760584186791478878e-01
-5.045268374750854212e-01
-4.980846628764583617e-01
-4.734073176685847928e-01
-4.696096326473792049e-01
-4.723485667689460987e-01
-5.002578397570043300e-01
-4.854654879532441236e-01
-4.952400708502475712e-01
-5.073768374731392194e-01
-4.905598939707723205e-01
-4.677912415218482001e-01
-4.906702457365041403e-01
-5.161184057521005508e-01
-5.064024649102327746e-01
-5.055534181953577066e-01
-5.206016271546649588e-01
-4.903024446370110034e-01
-4.995356128341941204e-01
-4.731506113264476454e-01
-5.191608018468162333e-01
-5.093614309758276448e-01
-4.797855391861161611e-01
-4.757388288338442739e-01
-4.908435945659123667e-01
-4.884941633817785900e-01
-4.998294461303867675e-01
-4.605712356386219564e-01
-5.243754285287227646e-01
-4.806245891726808606e-01
-4.999919156027621270e-01
-5.328466017669540866e-01
-4.614576804728318660e-01
-5.048587051493769184e-01
-4.950394116386937493e-01
-5.071318712477509427e-01
-4.972320091380023066e-01
-4.955093147183248781e-01
-4.842405535246440129e-01
-5.199895514609864655e-01
-4.785616127713725465e-01
-4.922141040481298746e-01
-5.055278302621061259e-01
-5.050713779318803942e-01
-4.811829925466144520e-01
-5.056799750002153315e-01
-5.036270457155296310e-01
-4.425457441968031480e-01
-4.973376421027017047e-01
-5.048610236793868999e-01
-4.779024709118971925e-01
-4.786411268057417789e-01
-5.261493790343885202e-01
-4.725244751507178820e-01
-4.949206018351833269e-01
-4.556054366154047019e-01
-4.863308771116424123e-01
-5.110040334364167602e-01
-4.727150383086943242e-01
-4.942679720434453583e-01
-5.072595768136058947e-01
-4.829320235176831067e-01
-4.769071623242028823e-01
-5.008029995737460771e-01
-4.883943606258550618e-01
-4.791699791914383333e-01
-4.934344811681170007e-01
-4.986782570691804528e-01
-4.967837581356136512e-01
-5.104056911810269659e-01
-4.809544918807251990e-01
-5.028046775749944741e-01
-4.920973396175702397e-01
-4.914242498110131807e-01
-5.110355449628151137e-01
-4.777451892594534733e-01
-4.982401823646870898e-01
-4.913906648338615679e-01
-5.071899626972109498e-01
-4.927715490753638572e-01
-4.863616176114417544e-01
-5.054080769375625115e-01
-4.890933739549916948e-01
-4.877984973803564661e-01
-4.844176027515065264e-01
-5.088674227621655666e-01
-4.681147533452966192e-01
-4.846787006610891457e-01
-4.970739131766941932e-01
-4.746089899535651524e-01
-5.067456372514348439e-01
-5.070322542116868503e-01
-4.828532231839937072e-01
-4.864797428335994600e-01
-4.995234537463856817e-01
-5.159637328200484818e-01
-4.997053318949136735e-01
-5.122364216087278432e-01
-4.839498197928488454e-01
-5.307184683678312087e-01
-5.101718364781232529e-01
-5.146760447936703509e-01
-5.015593403995848298e-01
-5.266571058939627514e-01
-5.001689292950581844e-01
-4.862355768814828894e-01
-5.006967065056349142e-01
-5.022584165533243716e-01
-4.959961383509217114e-01
-5.167750240275337248e-01
-4.830737540238020378e-01
-5.150012067451784636e-01
-4.854716426944079566e-01
-4.922403209854266937e-01
-5.109695398635522023e-01
-5.043939450338734698e-01
-5.127133386803426340e-01
-4.883774052126589882e-01
-5.340380043982825287e-01
-5.228914489264135934e-01
-5.121958483900630466e-01
-4.894380035129398121e-01
-4.944936623029514422e-01
-5.194481094270739785e-01
-4.975432940800084136e-01
-4.997368737356076007e-01
-5.096525151017986532e-01
-5.410376354004027277e-01
-5.195918976632046826e-01
-4.901255794099342866e-01
-5.031034048851168450e-01
-5.146498928054576982e-01
-5.273132815255885397e-01
-5.175618058251014730e-01
-4.887966076267619142e-01
-5.120975093307941206e-01
-5.020320505167433778e-01
-4.905567141393868402e-01
-4.949046677306558339e-01
-4.944515215544711961e-01
-4.882067147917745764e-01
-4.979283233707355594e-01
-5.036121533267672312e-01
-5.058525774165346656e-01
-5.025855545873832986e-01
-4.836305697813384485e-01
-5.215344751981688676e-01
-4.793867650653009793e-01
-5.147496998814338198e-01
-4.921032540672345967e-01
-5.234717969330905385e-01
-5.061076567173901086e-01
-5.011933891749553727e-01
-5.383003674632059754e-01
-5.233872377690040878e-01
-4.755428082972233406e-01
-5.222117756178360493e-01
-4.858497255174126228e-01
-5.396413473172986253e-01
-5.123802015323610792e-01
-5.111047542759584728e-01
-5.146372265381028432e-01
-4.884822042335479897e-01
-4.887351951002881778e-01
-5.326185139028342119e-01
-4.855836782687331654e-01
-4.882631281161470826e-01
-4.790450453330967195e-01
-5.222690106344515248e-01
-4.913611847844450153e-01
-5.204247337850590460e-01
-4.848224092621736814e-01
-4.846912739414026006e-01
-5.487681909624200216e-01
-4.768952297880963420e-01
-4.837469207668596560e-01
-5.262331419322953119e-01
-4.931264484535570203e-01
-4.737322947139024909e-01
-4.670939929904326937e-01
-5.100051589605751889e-01
-4.892458996365833812e-01
-5.120201041853935653e-01
-5.134944197737494331e-01
-5.194953965913955418e-01
-5.178513916279686713e-01
-5.099132010382354530e-01
-4.946725332383640761e-01
-4.920853117784615427e-01
-4.934958619857710560e-01
-4.971247456717419744e-01
-5.322399848045774595e-01
-5.118209376655040721e-01
-5.101167086541275042e-01
-4.726032522392511481e-01
-4.792365052933130198e-01
-4.727792620347980868e-01
-5.148716607863633721e-01
-5.025982140041757029e-01
-5.108639954803408934e-01
-5.456281377697272950e-01
-4.820391863261150323e-01
-4.819514824590239166e-01
-5.310745403965445588e-01
-4.728913711142622156e-01
-4.500345089043184532e-01
-5.145904122071771614e-01
-4.887433530888996014e-01
-4.783993600001896218e-01
-5.268452765459691323e-01
-4.696315337634970333e-01
-4.990251947403296917e-01
-4.993206945765241156e-01
-5.111896653402716595e-01
-5.095087719164766993e-01
-5.170365430507910531e-01
-4.735054893292434675e-01
-4.815628645801567354e-01
-4.756503924643598613e-01
-4.944505349427247842e-01
-5.071447666064979876e-01
-5.170245498750749569e-01
-4.887673673310211631e-01
-4.799833587365691656e-01
-4.713463367484247990e-01
-4.802707300530198453e-01
-5.191069568795899647e-01
-5.171713801450571468e-01
-5.137260183383229872e-01
-4.861346277385875103e-01
-4.841010603496047060e-01
-5.368197011145492414e-01
-4.805957681370247037e-01
-4.731087307521907315e-01
-4.670495105853133544e-01
-5.083854763426977064e-01
-4.731320465076444548e-01
-5.337683878618231237e-01
-4.955759272808659688e-01
-5.161775027365487212e-01
-4.967473948278859908e-01
-4.858685671671489903e-01
-5.178115502358724420e-01
-4.926301449021094347e-01
-5.122690266869116549e-01
-4.982918001822341236e-01
-4.859898329157199548e-01
-4.973622620458064136e-01
-5.312810760481776473e-01
-5.150632282708418330e-01
-5.405657155512643142e-01
-4.400822232098622333e-01
-4.948559636315348897e-01
-5.274893961728153169e-01
-4.932401167544340770e-01
-4.867935595552285166e-01
-4.634253228648202994e-01
-5.058708916304095471e-01
-5.207816578417197029e-01
-4.743450886667039956e-01
